sample_accuracy,sample_tp,sample_tn,sample_fp,sample_fn,num_samples,top1_idx,top1_positive,has_positive,top1_tp,top1_fp,top1_tn,top1_fn,prediction_idx,prediction_class,prediction_accuracy,prediction_tp,prediction_tn,prediction_fp,prediction_fn,model_params,verifier_subset,weaver_sample_scores,class_balance,problem,set,close_train_idx,distance,difficulty
1.0,50,0,0,0,50,7,1,1,1,0,0,0,7,1,1,1,0,0,0,"(array([0.87740868, 0.87239605, 0.97465032, 0.56448263, 0.46675077,
       0.3927508 , 0.8755213 , 0.82691753, 0.92772895, 0.93343252,
       0.14007378, 0.93937248, 0.72757542]), array([0.68348449, 0.60890526, 0.52869952, 0.75775367, 0.79520017,
       0.81246841, 0.67886412, 0.74009508, 0.60304028, 0.61200708,
       0.82451689, 0.58427328, 0.76810724]), array([0.30811715, 0.38169393, 0.45942929, 0.23581545, 0.19802709,
       0.18048394, 0.31271192, 0.25295195, 0.38678426, 0.37784874,
       0.16859628, 0.40518168, 0.22517058]), array([0.1326232 , 0.13670406, 0.03470334, 0.44547921, 0.54316896,
       0.61668783, 0.13444506, 0.18309332, 0.08199205, 0.07645128,
       0.86804044, 0.07033941, 0.28277975]))","['DeepSeekQwen (32B)', 'GPM (8B)', 'EurusPRMStage2_avg_scores (7.62B)', 'LDLReward (27.2B)', 'EurusPRMStage2_max_scores (7.62B)', 'InternLM2 (7B)', 'Qwen72B_scores (72B)', 'QwenPRM_min_scores (7.63B)', 'SkyT1 (32B)', 'DeepSeekLlama (70B)', 'EurusPRMStage1_avg_scores (7.62B)', 'ArmorRM (8B)', 'Skyworks (8B)']","[0.9994518187324555, 0.9976509633204079, 0.9765905912905508, 0.9995273602925665, 0.9999461268717549, 0.9998777489050539, 0.9433474916914439, 0.9999843869817604, 0.9999461268717549, 0.999862983123058, 0.9960639470794367, 0.9998410753153119, 0.9994518187324555, 0.9433474916914439, 0.9999461268717549, 0.9999461268717549, 0.5634686036025054, 0.9999461268717549, 0.9994518187324555, 0.9999035210941672, 0.9999461268717549, 0.9999461268717549, 0.9986377947523304, 0.9999843869817604, 0.9995273602925665, 0.9765905912905508, 0.9292825172871426, 0.999862983123058, 0.9999461268717549, 0.9999461268717549, 0.9998410753153119, 0.9999461268717549, 0.9999461268717549, 0.9999461268717549, 0.9982744954525221, 0.9994518187324555, 0.9999461268717549, 0.9503742018147137, 0.9995273602925665, 0.9999461268717549, 0.9998777489050539, 0.9995273602925665, 0.9976509633204079, 0.9999461268717549, 0.9999461268717549, 0.999862983123058, 0.9999461268717549, 0.9999461268717549, 0.999862983123058, 0.9999461268717549]",1.0,0,test,,0.0,9
0.92,46,0,0,4,50,5,1,1,1,0,0,0,5,1,1,1,0,0,0,"(array([0.87740868, 0.87239605, 0.97465032, 0.56448263, 0.46675077,
       0.3927508 , 0.8755213 , 0.82691753, 0.92772895, 0.93343252,
       0.14007378, 0.93937248, 0.72757542]), array([0.68348449, 0.60890526, 0.52869952, 0.75775367, 0.79520017,
       0.81246841, 0.67886412, 0.74009508, 0.60304028, 0.61200708,
       0.82451689, 0.58427328, 0.76810724]), array([0.30811715, 0.38169393, 0.45942929, 0.23581545, 0.19802709,
       0.18048394, 0.31271192, 0.25295195, 0.38678426, 0.37784874,
       0.16859628, 0.40518168, 0.22517058]), array([0.1326232 , 0.13670406, 0.03470334, 0.44547921, 0.54316896,
       0.61668783, 0.13444506, 0.18309332, 0.08199205, 0.07645128,
       0.86804044, 0.07033941, 0.28277975]))","['DeepSeekQwen (32B)', 'GPM (8B)', 'EurusPRMStage2_avg_scores (7.62B)', 'LDLReward (27.2B)', 'EurusPRMStage2_max_scores (7.62B)', 'InternLM2 (7B)', 'Qwen72B_scores (72B)', 'QwenPRM_min_scores (7.63B)', 'SkyT1 (32B)', 'DeepSeekLlama (70B)', 'EurusPRMStage1_avg_scores (7.62B)', 'ArmorRM (8B)', 'Skyworks (8B)']","[0.999498976840051, 0.5548254403762584, 0.9999890066622493, 0.9985232790564342, 0.9991069151173946, 0.9999961654619416, 0.9998547519138168, 0.9998410753153119, 0.9999890066622493, 0.999498976840051, 0.1359280517867171, 0.999498976840051, 0.3215767283235394, 0.9998777489050539, 0.9998547519138168, 0.9999890066622493, 0.9997246399442338, 0.008758429475933912, 0.9998880942302318, 0.9999890066622493, 0.9998547519138168, 0.9745737766016835, 0.9999890066622493, 0.9976509633204079, 0.9999961654619416, 0.9998547519138168, 0.998646161741248, 0.9637538651279189, 0.9998547519138168, 0.9998547519138168, 0.998192463736509, 0.9433474916914439, 0.020280850026074243, 0.9999620667708081, 0.9998547519138168, 0.999498976840051, 0.9998547519138168, 0.9985232790564342, 0.9999961654619416, 0.9999609640726779, 0.999498976840051, 0.9998547519138168, 0.6945138525663828, 0.9949227151351246, 0.999498976840051, 0.9999620667708081, 0.999949332220614, 0.976034638797195, 0.9985232790564342, 0.999498976840051]",1.0,1,test,,0.0,9
1.0,50,0,0,0,50,8,1,1,1,0,0,0,8,1,1,1,0,0,0,"(array([0.87740868, 0.87239605, 0.97465032, 0.56448263, 0.46675077,
       0.3927508 , 0.8755213 , 0.82691753, 0.92772895, 0.93343252,
       0.14007378, 0.93937248, 0.72757542]), array([0.68348449, 0.60890526, 0.52869952, 0.75775367, 0.79520017,
       0.81246841, 0.67886412, 0.74009508, 0.60304028, 0.61200708,
       0.82451689, 0.58427328, 0.76810724]), array([0.30811715, 0.38169393, 0.45942929, 0.23581545, 0.19802709,
       0.18048394, 0.31271192, 0.25295195, 0.38678426, 0.37784874,
       0.16859628, 0.40518168, 0.22517058]), array([0.1326232 , 0.13670406, 0.03470334, 0.44547921, 0.54316896,
       0.61668783, 0.13444506, 0.18309332, 0.08199205, 0.07645128,
       0.86804044, 0.07033941, 0.28277975]))","['DeepSeekQwen (32B)', 'GPM (8B)', 'EurusPRMStage2_avg_scores (7.62B)', 'LDLReward (27.2B)', 'EurusPRMStage2_max_scores (7.62B)', 'InternLM2 (7B)', 'Qwen72B_scores (72B)', 'QwenPRM_min_scores (7.63B)', 'SkyT1 (32B)', 'DeepSeekLlama (70B)', 'EurusPRMStage1_avg_scores (7.62B)', 'ArmorRM (8B)', 'Skyworks (8B)']","[0.9999461268717549, 0.9999461268717549, 0.9999461268717549, 0.9999461268717549, 0.9999461268717549, 0.9994518187324555, 0.9994518187324555, 0.9999461268717549, 0.9999843869817604, 0.9999461268717549, 0.9999461268717549, 0.9994518187324555, 0.9999843869817604, 0.9999461268717549, 0.9999461268717549, 0.9994518187324555, 0.9999461268717549, 0.9999461268717549, 0.9994518187324555, 0.9999461268717549, 0.9999843869817604, 0.9999461268717549, 0.9999461268717549, 0.9999461268717549, 0.9999461268717549, 0.9994518187324555, 0.9999461268717549, 0.9999461268717549, 0.9999461268717549, 0.9994518187324555, 0.9994518187324555, 0.9999461268717549, 0.9994518187324555, 0.9999461268717549, 0.9994518187324555, 0.9994518187324555, 0.9999461268717549, 0.9999461268717549, 0.9998410753153119, 0.9994518187324555, 0.9999461268717549, 0.9994518187324555, 0.803518285775668, 0.9994518187324555, 0.9994518187324555, 0.9994518187324555, 0.9999461268717549, 0.9999461268717549, 0.9999461268717549, 0.9999461268717549]",1.0,2,test,,0.0,9
0.9,22,23,0,5,50,4,1,1,1,0,0,0,24,0,1,0,1,0,0,"(array([0.87740868, 0.87239605, 0.97465032, 0.56448263, 0.46675077,
       0.3927508 , 0.8755213 , 0.82691753, 0.92772895, 0.93343252,
       0.14007378, 0.93937248, 0.72757542]), array([0.68348449, 0.60890526, 0.52869952, 0.75775367, 0.79520017,
       0.81246841, 0.67886412, 0.74009508, 0.60304028, 0.61200708,
       0.82451689, 0.58427328, 0.76810724]), array([0.30811715, 0.38169393, 0.45942929, 0.23581545, 0.19802709,
       0.18048394, 0.31271192, 0.25295195, 0.38678426, 0.37784874,
       0.16859628, 0.40518168, 0.22517058]), array([0.1326232 , 0.13670406, 0.03470334, 0.44547921, 0.54316896,
       0.61668783, 0.13444506, 0.18309332, 0.08199205, 0.07645128,
       0.86804044, 0.07033941, 0.28277975]))","['DeepSeekQwen (32B)', 'GPM (8B)', 'EurusPRMStage2_avg_scores (7.62B)', 'LDLReward (27.2B)', 'EurusPRMStage2_max_scores (7.62B)', 'InternLM2 (7B)', 'Qwen72B_scores (72B)', 'QwenPRM_min_scores (7.63B)', 'SkyT1 (32B)', 'DeepSeekLlama (70B)', 'EurusPRMStage1_avg_scores (7.62B)', 'ArmorRM (8B)', 'Skyworks (8B)']","[7.778887893014352e-05, 0.9998455641425869, 0.9977383413924947, 0.053826324029610684, 0.999955239612699, 0.10887232431160927, 0.18289312647396788, 0.0007706405927510325, 0.009089003444271701, 0.0007706405927510325, 0.11805988956284869, 0.16643614092808381, 0.01502275379421892, 5.0453379490020965e-06, 0.9978211456427138, 0.5768149885525448, 7.667131107832812e-05, 0.9998455641425869, 0.9719546629269541, 0.0007706405927510325, 0.772945438473941, 0.0007706405927510325, 0.0031304297657159586, 0.006723521112898123, 1.2391189101932797e-06, 0.0007706405927510325, 0.9978211456427138, 0.0007706405927510325, 7.575077137418867e-05, 0.005412138977411947, 0.9935989471489014, 0.9615489092082209, 0.9977383413924947, 0.01342284719191794, 0.9998455641425869, 0.9998455641425869, 0.772945438473941, 0.0007706405927510325, 2.3862089913709e-05, 0.0007706405927510325, 0.9652448808486065, 0.9979631039646617, 0.9984300002701988, 0.0031304297657159586, 0.9972825576477046, 0.006723521112898123, 0.1066750779184804, 0.9414441595908696, 0.998646161741248, 0.9580241539235624]",0.54,3,test,,0.0,5
0.88,41,3,3,3,50,12,1,1,1,0,0,0,12,1,1,1,0,0,0,"(array([0.87740868, 0.87239605, 0.97465032, 0.56448263, 0.46675077,
       0.3927508 , 0.8755213 , 0.82691753, 0.92772895, 0.93343252,
       0.14007378, 0.93937248, 0.72757542]), array([0.68348449, 0.60890526, 0.52869952, 0.75775367, 0.79520017,
       0.81246841, 0.67886412, 0.74009508, 0.60304028, 0.61200708,
       0.82451689, 0.58427328, 0.76810724]), array([0.30811715, 0.38169393, 0.45942929, 0.23581545, 0.19802709,
       0.18048394, 0.31271192, 0.25295195, 0.38678426, 0.37784874,
       0.16859628, 0.40518168, 0.22517058]), array([0.1326232 , 0.13670406, 0.03470334, 0.44547921, 0.54316896,
       0.61668783, 0.13444506, 0.18309332, 0.08199205, 0.07645128,
       0.86804044, 0.07033941, 0.28277975]))","['DeepSeekQwen (32B)', 'GPM (8B)', 'EurusPRMStage2_avg_scores (7.62B)', 'LDLReward (27.2B)', 'EurusPRMStage2_max_scores (7.62B)', 'InternLM2 (7B)', 'Qwen72B_scores (72B)', 'QwenPRM_min_scores (7.63B)', 'SkyT1 (32B)', 'DeepSeekLlama (70B)', 'EurusPRMStage1_avg_scores (7.62B)', 'ArmorRM (8B)', 'Skyworks (8B)']","[0.9998455641425869, 0.9292825172871426, 0.999955239612699, 0.9998455641425869, 0.9433474916914439, 0.9960639470794367, 0.999607280367962, 0.9998777489050539, 0.9865477856692857, 0.21221129698566674, 0.828343629753362, 0.9292825172871426, 0.9999843869817604, 0.9976509633204079, 0.9998455641425869, 0.1802680421844335, 0.9292825172871426, 0.7920216897926445, 0.17754359849084564, 0.19615023928236955, 0.9960163022101056, 0.7634435116497161, 0.9927469857727023, 0.9433474916914439, 0.9433474916914439, 0.9292825172871426, 0.96042291551712, 0.9865477856692857, 0.0595654081316294, 0.9433474916914439, 0.9433474916914439, 0.9977383413924947, 0.9998455641425869, 0.9931082852776715, 0.8781042737472412, 0.7920216897926445, 0.9976509633204079, 0.9292825172871426, 0.9976509633204079, 0.9999461268717549, 0.9984300002701988, 0.9292825172871426, 0.9893537739129442, 0.9433474916914439, 0.9292825172871426, 0.9998455641425869, 0.999288580647958, 0.26116561608441863, 0.9998455641425869, 0.9994518187324555]",0.88,4,test,,0.0,8
0.86,17,26,7,0,50,26,1,1,1,0,0,0,45,0,1,0,1,0,0,"(array([0.87740868, 0.87239605, 0.97465032, 0.56448263, 0.46675077,
       0.3927508 , 0.8755213 , 0.82691753, 0.92772895, 0.93343252,
       0.14007378, 0.93937248, 0.72757542]), array([0.68348449, 0.60890526, 0.52869952, 0.75775367, 0.79520017,
       0.81246841, 0.67886412, 0.74009508, 0.60304028, 0.61200708,
       0.82451689, 0.58427328, 0.76810724]), array([0.30811715, 0.38169393, 0.45942929, 0.23581545, 0.19802709,
       0.18048394, 0.31271192, 0.25295195, 0.38678426, 0.37784874,
       0.16859628, 0.40518168, 0.22517058]), array([0.1326232 , 0.13670406, 0.03470334, 0.44547921, 0.54316896,
       0.61668783, 0.13444506, 0.18309332, 0.08199205, 0.07645128,
       0.86804044, 0.07033941, 0.28277975]))","['DeepSeekQwen (32B)', 'GPM (8B)', 'EurusPRMStage2_avg_scores (7.62B)', 'LDLReward (27.2B)', 'EurusPRMStage2_max_scores (7.62B)', 'InternLM2 (7B)', 'Qwen72B_scores (72B)', 'QwenPRM_min_scores (7.63B)', 'SkyT1 (32B)', 'DeepSeekLlama (70B)', 'EurusPRMStage1_avg_scores (7.62B)', 'ArmorRM (8B)', 'Skyworks (8B)']","[0.0036260982022169696, 0.01342284719191794, 0.8906957023871436, 0.00042078761995787003, 0.0004465972821751679, 0.00030893457034982896, 0.04484256999477641, 0.9998455641425869, 0.01342284719191794, 0.999955239612699, 0.999607280367962, 0.03278566878821954, 0.01342284719191794, 0.002868399801260489, 0.36404484222354394, 0.998646161741248, 0.01342284719191794, 0.0003321007853161779, 0.08230581216517001, 0.049997691922287854, 0.999955239612699, 0.32396131411800705, 0.9896601084508341, 0.9979631039646617, 0.16643614092808381, 0.9995445065373486, 0.9999843869817604, 0.2550390378773861, 0.999955239612699, 0.9998455641425869, 0.00030893457034982896, 0.999955239612699, 0.9275176064116994, 0.21201561964840587, 0.999955239612699, 0.6279984365312886, 0.00043210508278004016, 0.7663179800381585, 0.8340033000193715, 0.999955239612699, 8.899809213353546e-05, 0.9896601084508341, 0.803518285775668, 2.4504144067043144e-05, 0.9719546629269541, 1.694499190486607e-06, 0.0007059948875893685, 1.8184476124878792e-05, 0.5051912914922766, 0.999955239612699]",0.34,5,test,,0.0,3
1.0,50,0,0,0,50,48,1,1,1,0,0,0,48,1,1,1,0,0,0,"(array([0.87740868, 0.87239605, 0.97465032, 0.56448263, 0.46675077,
       0.3927508 , 0.8755213 , 0.82691753, 0.92772895, 0.93343252,
       0.14007378, 0.93937248, 0.72757542]), array([0.68348449, 0.60890526, 0.52869952, 0.75775367, 0.79520017,
       0.81246841, 0.67886412, 0.74009508, 0.60304028, 0.61200708,
       0.82451689, 0.58427328, 0.76810724]), array([0.30811715, 0.38169393, 0.45942929, 0.23581545, 0.19802709,
       0.18048394, 0.31271192, 0.25295195, 0.38678426, 0.37784874,
       0.16859628, 0.40518168, 0.22517058]), array([0.1326232 , 0.13670406, 0.03470334, 0.44547921, 0.54316896,
       0.61668783, 0.13444506, 0.18309332, 0.08199205, 0.07645128,
       0.86804044, 0.07033941, 0.28277975]))","['DeepSeekQwen (32B)', 'GPM (8B)', 'EurusPRMStage2_avg_scores (7.62B)', 'LDLReward (27.2B)', 'EurusPRMStage2_max_scores (7.62B)', 'InternLM2 (7B)', 'Qwen72B_scores (72B)', 'QwenPRM_min_scores (7.63B)', 'SkyT1 (32B)', 'DeepSeekLlama (70B)', 'EurusPRMStage1_avg_scores (7.62B)', 'ArmorRM (8B)', 'Skyworks (8B)']","[0.9995273602925665, 0.998646161741248, 0.998646161741248, 0.9998455641425869, 0.999955239612699, 0.998646161741248, 0.998646161741248, 0.9984300002701988, 0.999955239612699, 0.999955239612699, 0.998646161741248, 0.998646161741248, 0.9998455641425869, 0.9999461268717549, 0.9994518187324555, 0.9998455641425869, 0.9766429567394111, 0.9863865245487257, 0.998646161741248, 0.998646161741248, 0.998646161741248, 0.9972825576477046, 0.9998455641425869, 0.999955239612699, 0.998646161741248, 0.9824011947254436, 0.9998455641425869, 0.998646161741248, 0.9995273602925665, 0.9998455641425869, 0.998646161741248, 0.9931082852776715, 0.9984300002701988, 0.9998455641425869, 0.9999461268717549, 0.998646161741248, 0.9998455641425869, 0.998646161741248, 0.9998455641425869, 0.9998455641425869, 0.9766429567394111, 0.9998455641425869, 0.9998455641425869, 0.9984300002701988, 0.999607280367962, 0.9984300002701988, 0.9998455641425869, 0.9998455641425869, 0.9999843869817604, 0.7920216897926445]",1.0,6,test,,0.0,9
1.0,50,0,0,0,50,0,1,1,1,0,0,0,0,1,1,1,0,0,0,"(array([0.87740868, 0.87239605, 0.97465032, 0.56448263, 0.46675077,
       0.3927508 , 0.8755213 , 0.82691753, 0.92772895, 0.93343252,
       0.14007378, 0.93937248, 0.72757542]), array([0.68348449, 0.60890526, 0.52869952, 0.75775367, 0.79520017,
       0.81246841, 0.67886412, 0.74009508, 0.60304028, 0.61200708,
       0.82451689, 0.58427328, 0.76810724]), array([0.30811715, 0.38169393, 0.45942929, 0.23581545, 0.19802709,
       0.18048394, 0.31271192, 0.25295195, 0.38678426, 0.37784874,
       0.16859628, 0.40518168, 0.22517058]), array([0.1326232 , 0.13670406, 0.03470334, 0.44547921, 0.54316896,
       0.61668783, 0.13444506, 0.18309332, 0.08199205, 0.07645128,
       0.86804044, 0.07033941, 0.28277975]))","['DeepSeekQwen (32B)', 'GPM (8B)', 'EurusPRMStage2_avg_scores (7.62B)', 'LDLReward (27.2B)', 'EurusPRMStage2_max_scores (7.62B)', 'InternLM2 (7B)', 'Qwen72B_scores (72B)', 'QwenPRM_min_scores (7.63B)', 'SkyT1 (32B)', 'DeepSeekLlama (70B)', 'EurusPRMStage1_avg_scores (7.62B)', 'ArmorRM (8B)', 'Skyworks (8B)']","[0.9999961654619416, 0.9976509633204079, 0.9999961654619416, 0.9976509633204079, 0.9999961654619416, 0.9999961654619416, 0.9292825172871426, 0.9999890066622493, 0.9998777489050539, 0.9998410753153119, 0.9999961654619416, 0.9999961654619416, 0.9960639470794367, 0.9433474916914439, 0.9998410753153119, 0.9999890066622493, 0.9976509633204079, 0.9999961654619416, 0.9960639470794367, 0.970409779983876, 0.9976509633204079, 0.9999609640726779, 0.9999961654619416, 0.9613266814393929, 0.9976509633204079, 0.9998777489050539, 0.9433474916914439, 0.9976509633204079, 0.9999609640726779, 0.9999961654619416, 0.9999890066622493, 0.9999961654619416, 0.9433474916914439, 0.9976509633204079, 0.9999323586545362, 0.9999961654619416, 0.9999961654619416, 0.9999860697189817, 0.9998777489050539, 0.9292825172871426, 0.9998777489050539, 0.9601192562515527, 0.9998777489050539, 0.9998777489050539, 0.9999961654619416, 0.9998777489050539, 0.9998777489050539, 0.9999961654619416, 0.9433474916914439, 0.5634686036025054]",1.0,7,test,,0.0,9
0.44,8,14,28,0,50,24,1,1,1,0,0,0,24,1,1,1,0,0,0,"(array([0.87740868, 0.87239605, 0.97465032, 0.56448263, 0.46675077,
       0.3927508 , 0.8755213 , 0.82691753, 0.92772895, 0.93343252,
       0.14007378, 0.93937248, 0.72757542]), array([0.68348449, 0.60890526, 0.52869952, 0.75775367, 0.79520017,
       0.81246841, 0.67886412, 0.74009508, 0.60304028, 0.61200708,
       0.82451689, 0.58427328, 0.76810724]), array([0.30811715, 0.38169393, 0.45942929, 0.23581545, 0.19802709,
       0.18048394, 0.31271192, 0.25295195, 0.38678426, 0.37784874,
       0.16859628, 0.40518168, 0.22517058]), array([0.1326232 , 0.13670406, 0.03470334, 0.44547921, 0.54316896,
       0.61668783, 0.13444506, 0.18309332, 0.08199205, 0.07645128,
       0.86804044, 0.07033941, 0.28277975]))","['DeepSeekQwen (32B)', 'GPM (8B)', 'EurusPRMStage2_avg_scores (7.62B)', 'LDLReward (27.2B)', 'EurusPRMStage2_max_scores (7.62B)', 'InternLM2 (7B)', 'Qwen72B_scores (72B)', 'QwenPRM_min_scores (7.63B)', 'SkyT1 (32B)', 'DeepSeekLlama (70B)', 'EurusPRMStage1_avg_scores (7.62B)', 'ArmorRM (8B)', 'Skyworks (8B)']","[6.939231880996881e-05, 0.6120945749763573, 0.9985232790564342, 0.990798595878984, 0.9993435173639509, 0.0007706405927510325, 0.9709174909958432, 0.7176444628374997, 0.9774436485266561, 0.006723521112898123, 0.9136222064944898, 0.8906957023871436, 0.9993435173639509, 0.5465066995511499, 0.004713335165517346, 0.9994088528150931, 0.9985232790564342, 0.15238772576411097, 0.9993435173639509, 0.990798595878984, 0.9944765803522546, 0.01735335259436967, 0.999955239612699, 1.3574088917711003e-05, 0.9999890066622493, 0.6120945749763573, 0.006723521112898123, 0.7540112572287915, 0.14685963407629524, 0.9811951099035985, 0.9977383413924947, 0.9966218932033998, 0.1066750779184804, 0.02942589545241535, 0.013779046191774993, 0.002654204618176635, 0.9999890066622493, 0.990798595878984, 0.998646161741248, 0.8448399770657136, 0.7473295401817706, 0.9977383413924947, 0.8448399770657136, 0.5465066995511499, 0.348468383128638, 0.9863865245487257, 0.9998547519138168, 0.8869948941041257, 0.9977916007960589, 0.9811951099035985]",0.16,8,test,,0.0,1
1.0,45,5,0,0,50,3,1,1,1,0,0,0,3,1,1,1,0,0,0,"(array([0.87740868, 0.87239605, 0.97465032, 0.56448263, 0.46675077,
       0.3927508 , 0.8755213 , 0.82691753, 0.92772895, 0.93343252,
       0.14007378, 0.93937248, 0.72757542]), array([0.68348449, 0.60890526, 0.52869952, 0.75775367, 0.79520017,
       0.81246841, 0.67886412, 0.74009508, 0.60304028, 0.61200708,
       0.82451689, 0.58427328, 0.76810724]), array([0.30811715, 0.38169393, 0.45942929, 0.23581545, 0.19802709,
       0.18048394, 0.31271192, 0.25295195, 0.38678426, 0.37784874,
       0.16859628, 0.40518168, 0.22517058]), array([0.1326232 , 0.13670406, 0.03470334, 0.44547921, 0.54316896,
       0.61668783, 0.13444506, 0.18309332, 0.08199205, 0.07645128,
       0.86804044, 0.07033941, 0.28277975]))","['DeepSeekQwen (32B)', 'GPM (8B)', 'EurusPRMStage2_avg_scores (7.62B)', 'LDLReward (27.2B)', 'EurusPRMStage2_max_scores (7.62B)', 'InternLM2 (7B)', 'Qwen72B_scores (72B)', 'QwenPRM_min_scores (7.63B)', 'SkyT1 (32B)', 'DeepSeekLlama (70B)', 'EurusPRMStage1_avg_scores (7.62B)', 'ArmorRM (8B)', 'Skyworks (8B)']","[0.01342284719191794, 0.9998455641425869, 0.9996139573064, 0.9999620667708081, 0.9999620667708081, 0.999667162966574, 0.9956196497932571, 0.9998455641425869, 0.4484263939534617, 0.9999620667708081, 0.999667162966574, 0.9951375572439553, 0.1066750779184804, 0.9999620667708081, 0.9999620667708081, 0.9999620667708081, 0.9998455641425869, 0.9999620667708081, 0.9999620667708081, 0.9956196497932571, 0.9998386906828952, 0.999955239612699, 0.9999620667708081, 0.9999620667708081, 0.9999620667708081, 0.9999620667708081, 0.999955239612699, 4.0046446462143096e-05, 0.9984300002701988, 0.9996139573064, 0.999667162966574, 0.9996139573064, 0.9999620667708081, 0.9984300002701988, 0.0007706405927510325, 0.9996139573064, 0.9996139573064, 0.9998455641425869, 0.9999620667708081, 0.9999620667708081, 0.9999620667708081, 0.9996139573064, 0.9999620667708081, 0.9999620667708081, 0.9999620667708081, 0.9999620667708081, 0.999667162966574, 0.999498976840051, 0.9984300002701988, 0.9998880942302318]",0.9,9,test,,0.0,9
1.0,50,0,0,0,50,4,1,1,1,0,0,0,4,1,1,1,0,0,0,"(array([0.87740868, 0.87239605, 0.97465032, 0.56448263, 0.46675077,
       0.3927508 , 0.8755213 , 0.82691753, 0.92772895, 0.93343252,
       0.14007378, 0.93937248, 0.72757542]), array([0.68348449, 0.60890526, 0.52869952, 0.75775367, 0.79520017,
       0.81246841, 0.67886412, 0.74009508, 0.60304028, 0.61200708,
       0.82451689, 0.58427328, 0.76810724]), array([0.30811715, 0.38169393, 0.45942929, 0.23581545, 0.19802709,
       0.18048394, 0.31271192, 0.25295195, 0.38678426, 0.37784874,
       0.16859628, 0.40518168, 0.22517058]), array([0.1326232 , 0.13670406, 0.03470334, 0.44547921, 0.54316896,
       0.61668783, 0.13444506, 0.18309332, 0.08199205, 0.07645128,
       0.86804044, 0.07033941, 0.28277975]))","['DeepSeekQwen (32B)', 'GPM (8B)', 'EurusPRMStage2_avg_scores (7.62B)', 'LDLReward (27.2B)', 'EurusPRMStage2_max_scores (7.62B)', 'InternLM2 (7B)', 'Qwen72B_scores (72B)', 'QwenPRM_min_scores (7.63B)', 'SkyT1 (32B)', 'DeepSeekLlama (70B)', 'EurusPRMStage1_avg_scores (7.62B)', 'ArmorRM (8B)', 'Skyworks (8B)']","[0.9992109630113136, 0.999955239612699, 0.9998410753153119, 0.999955239612699, 0.9999843869817604, 0.999955239612699, 0.999955239612699, 0.9998410753153119, 0.9972037809025792, 0.999955239612699, 0.8443711216893337, 0.999955239612699, 0.9999843869817604, 0.5315365307941943, 0.999955239612699, 0.999955239612699, 0.9998410753153119, 0.9995445065373486, 0.999955239612699, 0.9999461268717549, 0.999955239612699, 0.999955239612699, 0.999955239612699, 0.999955239612699, 0.9999843869817604, 0.7920216897926445, 0.999955239612699, 0.9979631039646617, 0.9999461268717549, 0.999955239612699, 0.695821239711406, 0.9960639470794367, 0.9999843869817604, 0.999955239612699, 0.9995445065373486, 0.999955239612699, 0.999955239612699, 0.9994518187324555, 0.9984300002701988, 0.9998410753153119, 0.9999843869817604, 0.9998410753153119, 0.999955239612699, 0.999955239612699, 0.9979631039646617, 0.9999843869817604, 0.9999843869817604, 0.999955239612699, 0.9994088528150931, 0.9972037809025792]",1.0,10,test,,0.0,9
1.0,50,0,0,0,50,8,1,1,1,0,0,0,8,1,1,1,0,0,0,"(array([0.87740868, 0.87239605, 0.97465032, 0.56448263, 0.46675077,
       0.3927508 , 0.8755213 , 0.82691753, 0.92772895, 0.93343252,
       0.14007378, 0.93937248, 0.72757542]), array([0.68348449, 0.60890526, 0.52869952, 0.75775367, 0.79520017,
       0.81246841, 0.67886412, 0.74009508, 0.60304028, 0.61200708,
       0.82451689, 0.58427328, 0.76810724]), array([0.30811715, 0.38169393, 0.45942929, 0.23581545, 0.19802709,
       0.18048394, 0.31271192, 0.25295195, 0.38678426, 0.37784874,
       0.16859628, 0.40518168, 0.22517058]), array([0.1326232 , 0.13670406, 0.03470334, 0.44547921, 0.54316896,
       0.61668783, 0.13444506, 0.18309332, 0.08199205, 0.07645128,
       0.86804044, 0.07033941, 0.28277975]))","['DeepSeekQwen (32B)', 'GPM (8B)', 'EurusPRMStage2_avg_scores (7.62B)', 'LDLReward (27.2B)', 'EurusPRMStage2_max_scores (7.62B)', 'InternLM2 (7B)', 'Qwen72B_scores (72B)', 'QwenPRM_min_scores (7.63B)', 'SkyT1 (32B)', 'DeepSeekLlama (70B)', 'EurusPRMStage1_avg_scores (7.62B)', 'ArmorRM (8B)', 'Skyworks (8B)']","[0.999865313241596, 0.9996139573064, 0.9966218932033998, 0.9168889881653466, 0.9966218932033998, 0.999667162966574, 0.999667162966574, 0.9999620667708081, 0.9999867684441118, 0.9999620667708081, 0.9999620667708081, 0.999667162966574, 0.9292825172871426, 0.9966218932033998, 0.9999620667708081, 0.999667162966574, 0.9998838802331509, 0.7920216897926445, 0.999667162966574, 0.999667162966574, 0.999667162966574, 0.9999867684441118, 0.9999620667708081, 0.9998838802331509, 0.9966218932033998, 0.9999620667708081, 0.9941607144924358, 0.999667162966574, 0.999667162966574, 0.9893537739129442, 0.999667162966574, 0.998646161741248, 0.999865313241596, 0.9999620667708081, 0.998646161741248, 0.9998838802331509, 0.998646161741248, 0.9998838802331509, 0.9966218932033998, 0.9941607144924358, 0.999667162966574, 0.9999867684441118, 0.9998838802331509, 0.999667162966574, 0.9999620667708081, 0.9433474916914439, 0.999667162966574, 0.999667162966574, 0.999667162966574, 0.9979554645466955]",1.0,11,test,,0.0,9
0.68,32,2,16,0,50,11,1,1,1,0,0,0,11,1,1,1,0,0,0,"(array([0.87740868, 0.87239605, 0.97465032, 0.56448263, 0.46675077,
       0.3927508 , 0.8755213 , 0.82691753, 0.92772895, 0.93343252,
       0.14007378, 0.93937248, 0.72757542]), array([0.68348449, 0.60890526, 0.52869952, 0.75775367, 0.79520017,
       0.81246841, 0.67886412, 0.74009508, 0.60304028, 0.61200708,
       0.82451689, 0.58427328, 0.76810724]), array([0.30811715, 0.38169393, 0.45942929, 0.23581545, 0.19802709,
       0.18048394, 0.31271192, 0.25295195, 0.38678426, 0.37784874,
       0.16859628, 0.40518168, 0.22517058]), array([0.1326232 , 0.13670406, 0.03470334, 0.44547921, 0.54316896,
       0.61668783, 0.13444506, 0.18309332, 0.08199205, 0.07645128,
       0.86804044, 0.07033941, 0.28277975]))","['DeepSeekQwen (32B)', 'GPM (8B)', 'EurusPRMStage2_avg_scores (7.62B)', 'LDLReward (27.2B)', 'EurusPRMStage2_max_scores (7.62B)', 'InternLM2 (7B)', 'Qwen72B_scores (72B)', 'QwenPRM_min_scores (7.63B)', 'SkyT1 (32B)', 'DeepSeekLlama (70B)', 'EurusPRMStage1_avg_scores (7.62B)', 'ArmorRM (8B)', 'Skyworks (8B)']","[0.5584055154109336, 0.9998455641425869, 0.9996139573064, 0.9940143430765718, 0.9998547519138168, 0.9980295230127402, 0.999955239612699, 0.9995445065373486, 0.1259307967367319, 0.5584055154109336, 0.9985232790564342, 0.9999890066622493, 0.9871755283709744, 0.9992109630113136, 0.8135521448728771, 0.6866403361081821, 0.9984300002701988, 0.999955239612699, 0.6279984365312886, 0.9940143430765718, 0.9995445065373486, 0.9774436485266561, 0.9992109630113136, 0.9999620667708081, 0.9996139573064, 0.9570955497841088, 0.999955239612699, 0.1066750779184804, 0.9979631039646617, 0.9994088528150931, 0.9979631039646617, 0.9944558818488419, 0.5584055154109336, 0.999955239612699, 0.9824011947254436, 0.999955239612699, 0.9999890066622493, 0.999955239612699, 0.9969547194452858, 0.9998455641425869, 0.654271883215165, 0.9698408508391952, 0.9999890066622493, 0.9992109630113136, 0.9940143430765718, 0.999955239612699, 0.9999620667708081, 0.9885440432754867, 0.5584055154109336, 0.9993435173639509]",0.64,12,test,,0.0,6
0.92,23,23,3,1,50,12,1,1,1,0,0,0,31,0,1,0,1,0,0,"(array([0.87740868, 0.87239605, 0.97465032, 0.56448263, 0.46675077,
       0.3927508 , 0.8755213 , 0.82691753, 0.92772895, 0.93343252,
       0.14007378, 0.93937248, 0.72757542]), array([0.68348449, 0.60890526, 0.52869952, 0.75775367, 0.79520017,
       0.81246841, 0.67886412, 0.74009508, 0.60304028, 0.61200708,
       0.82451689, 0.58427328, 0.76810724]), array([0.30811715, 0.38169393, 0.45942929, 0.23581545, 0.19802709,
       0.18048394, 0.31271192, 0.25295195, 0.38678426, 0.37784874,
       0.16859628, 0.40518168, 0.22517058]), array([0.1326232 , 0.13670406, 0.03470334, 0.44547921, 0.54316896,
       0.61668783, 0.13444506, 0.18309332, 0.08199205, 0.07645128,
       0.86804044, 0.07033941, 0.28277975]))","['DeepSeekQwen (32B)', 'GPM (8B)', 'EurusPRMStage2_avg_scores (7.62B)', 'LDLReward (27.2B)', 'EurusPRMStage2_max_scores (7.62B)', 'InternLM2 (7B)', 'Qwen72B_scores (72B)', 'QwenPRM_min_scores (7.63B)', 'SkyT1 (32B)', 'DeepSeekLlama (70B)', 'EurusPRMStage1_avg_scores (7.62B)', 'ArmorRM (8B)', 'Skyworks (8B)']","[0.9999620667708081, 0.9796441398308946, 0.9912344587858748, 0.005412138977411947, 7.575077137418867e-05, 0.9118853206170437, 0.9999620667708081, 0.999498976840051, 0.0031304297657159586, 0.0007706405927510325, 0.003214391141761736, 4.0046446462143096e-05, 0.9999890066622493, 0.9999620667708081, 0.0031304297657159586, 0.9993435173639509, 0.9977383413924947, 0.0031304297657159586, 0.00016303824606282613, 0.999667162966574, 0.9993312363660254, 0.9998455641425869, 0.9730085927301129, 0.0031304297657159586, 0.0031304297657159586, 0.0031304297657159586, 0.00016303824606282613, 0.9993312363660254, 0.0031304297657159586, 0.9998455641425869, 0.9999620667708081, 3.933805945835166e-06, 0.0031304297657159586, 0.43919913480561684, 0.0003083649063670051, 0.9971619365323243, 0.07395271413890958, 0.09715711738455672, 0.759864084757877, 0.9998455641425869, 0.9979631039646617, 0.9999620667708081, 0.0007706405927510325, 0.00016303824606282613, 0.0031304297657159586, 2.1859032036128692e-05, 0.9998880942302318, 0.9999620667708081, 0.9940143430765718, 0.6120945749763573]",0.48,13,test,,0.0,4
1.0,49,1,0,0,50,7,1,1,1,0,0,0,34,0,1,0,1,0,0,"(array([0.87740868, 0.87239605, 0.97465032, 0.56448263, 0.46675077,
       0.3927508 , 0.8755213 , 0.82691753, 0.92772895, 0.93343252,
       0.14007378, 0.93937248, 0.72757542]), array([0.68348449, 0.60890526, 0.52869952, 0.75775367, 0.79520017,
       0.81246841, 0.67886412, 0.74009508, 0.60304028, 0.61200708,
       0.82451689, 0.58427328, 0.76810724]), array([0.30811715, 0.38169393, 0.45942929, 0.23581545, 0.19802709,
       0.18048394, 0.31271192, 0.25295195, 0.38678426, 0.37784874,
       0.16859628, 0.40518168, 0.22517058]), array([0.1326232 , 0.13670406, 0.03470334, 0.44547921, 0.54316896,
       0.61668783, 0.13444506, 0.18309332, 0.08199205, 0.07645128,
       0.86804044, 0.07033941, 0.28277975]))","['DeepSeekQwen (32B)', 'GPM (8B)', 'EurusPRMStage2_avg_scores (7.62B)', 'LDLReward (27.2B)', 'EurusPRMStage2_max_scores (7.62B)', 'InternLM2 (7B)', 'Qwen72B_scores (72B)', 'QwenPRM_min_scores (7.63B)', 'SkyT1 (32B)', 'DeepSeekLlama (70B)', 'EurusPRMStage1_avg_scores (7.62B)', 'ArmorRM (8B)', 'Skyworks (8B)']","[0.9998410753153119, 0.9977579470840695, 0.6388453017574236, 0.9292825172871426, 0.9999461268717549, 0.9998455641425869, 0.9999620667708081, 0.9999843869817604, 0.9999843869817604, 0.9689492774998564, 0.9999461268717549, 0.9998410753153119, 0.9999461268717549, 0.9992389289264434, 0.9999843869817604, 0.9994518187324555, 0.9997793224890124, 0.9992389289264434, 0.9999461268717549, 0.9999461268717549, 0.9994518187324555, 0.9992389289264434, 0.9999843869817604, 0.9999461268717549, 0.5408328639703914, 0.9993675898742134, 0.9999843869817604, 0.999955239612699, 0.9990504673206418, 0.9984300002701988, 0.9998455641425869, 0.9999461268717549, 0.9999461268717549, 0.9998455641425869, 4.275762854710668e-06, 0.9992389289264434, 0.999955239612699, 0.9998410753153119, 0.9999461268717549, 0.9995782796013258, 0.999955239612699, 0.9998410753153119, 0.9889597459850226, 0.9999461268717549, 0.9998410753153119, 0.9999843869817604, 0.9900357206804571, 0.9999843869817604, 0.9719546629269541, 0.9984300002701988]",0.98,14,test,,0.0,9
0.98,49,0,0,1,50,2,1,1,1,0,0,0,2,1,1,1,0,0,0,"(array([0.87740868, 0.87239605, 0.97465032, 0.56448263, 0.46675077,
       0.3927508 , 0.8755213 , 0.82691753, 0.92772895, 0.93343252,
       0.14007378, 0.93937248, 0.72757542]), array([0.68348449, 0.60890526, 0.52869952, 0.75775367, 0.79520017,
       0.81246841, 0.67886412, 0.74009508, 0.60304028, 0.61200708,
       0.82451689, 0.58427328, 0.76810724]), array([0.30811715, 0.38169393, 0.45942929, 0.23581545, 0.19802709,
       0.18048394, 0.31271192, 0.25295195, 0.38678426, 0.37784874,
       0.16859628, 0.40518168, 0.22517058]), array([0.1326232 , 0.13670406, 0.03470334, 0.44547921, 0.54316896,
       0.61668783, 0.13444506, 0.18309332, 0.08199205, 0.07645128,
       0.86804044, 0.07033941, 0.28277975]))","['DeepSeekQwen (32B)', 'GPM (8B)', 'EurusPRMStage2_avg_scores (7.62B)', 'LDLReward (27.2B)', 'EurusPRMStage2_max_scores (7.62B)', 'InternLM2 (7B)', 'Qwen72B_scores (72B)', 'QwenPRM_min_scores (7.63B)', 'SkyT1 (32B)', 'DeepSeekLlama (70B)', 'EurusPRMStage1_avg_scores (7.62B)', 'ArmorRM (8B)', 'Skyworks (8B)']","[0.9999867684441118, 0.8806424255338041, 0.9999961654619416, 0.9865477856692857, 0.9999867684441118, 0.9999867684441118, 0.9999890066622493, 0.9999961654619416, 0.9999961654619416, 0.9999961654619416, 0.9998880942302318, 0.9999890066622493, 0.9999609640726779, 0.9999867684441118, 0.999865313241596, 0.9999961654619416, 0.9999609640726779, 0.999865313241596, 0.9999890066622493, 0.9999867684441118, 0.9999867684441118, 0.999865313241596, 0.9984300002701988, 0.9968912206586555, 0.48557005717998897, 0.9999461268717549, 0.9999890066622493, 0.999731802482649, 0.9999890066622493, 0.9999890066622493, 0.9994518187324555, 0.9999461268717549, 0.9999867684441118, 0.9999890066622493, 0.9999890066622493, 0.9997666315205606, 0.9999961654619416, 0.9999461268717549, 0.999955239612699, 0.9999461268717549, 0.9999867684441118, 0.9999961654619416, 0.999966345741357, 0.9999961654619416, 0.9999867684441118, 0.9999867684441118, 0.9999961654619416, 0.9433474916914439, 0.9999867684441118, 0.999865313241596]",1.0,15,test,,0.0,9
1.0,50,0,0,0,50,0,1,1,1,0,0,0,0,1,1,1,0,0,0,"(array([0.87740868, 0.87239605, 0.97465032, 0.56448263, 0.46675077,
       0.3927508 , 0.8755213 , 0.82691753, 0.92772895, 0.93343252,
       0.14007378, 0.93937248, 0.72757542]), array([0.68348449, 0.60890526, 0.52869952, 0.75775367, 0.79520017,
       0.81246841, 0.67886412, 0.74009508, 0.60304028, 0.61200708,
       0.82451689, 0.58427328, 0.76810724]), array([0.30811715, 0.38169393, 0.45942929, 0.23581545, 0.19802709,
       0.18048394, 0.31271192, 0.25295195, 0.38678426, 0.37784874,
       0.16859628, 0.40518168, 0.22517058]), array([0.1326232 , 0.13670406, 0.03470334, 0.44547921, 0.54316896,
       0.61668783, 0.13444506, 0.18309332, 0.08199205, 0.07645128,
       0.86804044, 0.07033941, 0.28277975]))","['DeepSeekQwen (32B)', 'GPM (8B)', 'EurusPRMStage2_avg_scores (7.62B)', 'LDLReward (27.2B)', 'EurusPRMStage2_max_scores (7.62B)', 'InternLM2 (7B)', 'Qwen72B_scores (72B)', 'QwenPRM_min_scores (7.63B)', 'SkyT1 (32B)', 'DeepSeekLlama (70B)', 'EurusPRMStage1_avg_scores (7.62B)', 'ArmorRM (8B)', 'Skyworks (8B)']","[0.9999843869817604, 0.9999843869817604, 0.9997246399442338, 0.9998410753153119, 0.9999843869817604, 0.9999843869817604, 0.9998410753153119, 0.9999461268717549, 0.9998410753153119, 0.9997793224890124, 0.9999843869817604, 0.9997793224890124, 0.9994518187324555, 0.9998410753153119, 0.9999843869817604, 0.9994518187324555, 0.9977579470840695, 0.9999461268717549, 0.9999461268717549, 0.9999843869817604, 0.9998410753153119, 0.9999461268717549, 0.9999843869817604, 0.9999461268717549, 0.9999843869817604, 0.9994518187324555, 0.9992389289264434, 0.9994518187324555, 0.9999461268717549, 0.9999461268717549, 0.9998410753153119, 0.9999461268717549, 0.9997246399442338, 0.9999843869817604, 0.9998410753153119, 0.9999843869817604, 0.9998410753153119, 0.9999461268717549, 0.9999461268717549, 0.9992389289264434, 0.9999843869817604, 0.9998410753153119, 0.999862983123058, 0.9999843869817604, 0.9999843869817604, 0.9999843869817604, 0.9999843869817604, 0.9997246399442338, 0.9999843869817604, 0.9999843869817604]",1.0,16,test,,0.0,9
0.66,0,33,17,0,50,3,0,0,0,0,1,0,30,0,1,0,1,0,0,"(array([0.87740868, 0.87239605, 0.97465032, 0.56448263, 0.46675077,
       0.3927508 , 0.8755213 , 0.82691753, 0.92772895, 0.93343252,
       0.14007378, 0.93937248, 0.72757542]), array([0.68348449, 0.60890526, 0.52869952, 0.75775367, 0.79520017,
       0.81246841, 0.67886412, 0.74009508, 0.60304028, 0.61200708,
       0.82451689, 0.58427328, 0.76810724]), array([0.30811715, 0.38169393, 0.45942929, 0.23581545, 0.19802709,
       0.18048394, 0.31271192, 0.25295195, 0.38678426, 0.37784874,
       0.16859628, 0.40518168, 0.22517058]), array([0.1326232 , 0.13670406, 0.03470334, 0.44547921, 0.54316896,
       0.61668783, 0.13444506, 0.18309332, 0.08199205, 0.07645128,
       0.86804044, 0.07033941, 0.28277975]))","['DeepSeekQwen (32B)', 'GPM (8B)', 'EurusPRMStage2_avg_scores (7.62B)', 'LDLReward (27.2B)', 'EurusPRMStage2_max_scores (7.62B)', 'InternLM2 (7B)', 'Qwen72B_scores (72B)', 'QwenPRM_min_scores (7.63B)', 'SkyT1 (32B)', 'DeepSeekLlama (70B)', 'EurusPRMStage1_avg_scores (7.62B)', 'ArmorRM (8B)', 'Skyworks (8B)']","[0.9303257362799394, 0.8729954569139301, 0.9652448808486065, 0.9998547519138168, 0.8729954569139301, 0.013779046191774993, 0.04296550019328459, 0.996819592741509, 7.778887893014352e-05, 0.03141659630252285, 1.264027431762341e-05, 7.531754951915769e-06, 0.9978726263213256, 0.009312299501906342, 0.002700005394718106, 0.5840909288534043, 0.0031304297657159586, 0.43919913480561684, 0.0001683390286333975, 0.1613143751637624, 0.5840909288534043, 3.9816138788994015e-06, 9.715285687831931e-05, 0.1567517107233271, 0.01876405993936839, 0.654271883215165, 0.0031304297657159586, 0.08733683017181586, 0.9292055331043626, 0.01925923055499872, 9.605393539577085e-08, 0.654271883215165, 0.9977383413924947, 0.0031304297657159586, 0.8511510893799975, 0.00016303824606282613, 0.006723521112898123, 0.00016303824606282613, 0.1567517107233271, 0.08733683017181586, 0.03109545346604255, 0.9994435966348699, 0.002472060593438853, 0.00782036957632001, 0.0031304297657159586, 0.015659113111418377, 0.002907942779492954, 0.03109545346604255, 0.9901841463898688, 0.7251572551210063]",0.0,17,test,,0.0,0
0.96,48,0,0,2,50,0,1,1,1,0,0,0,0,1,1,1,0,0,0,"(array([0.87740868, 0.87239605, 0.97465032, 0.56448263, 0.46675077,
       0.3927508 , 0.8755213 , 0.82691753, 0.92772895, 0.93343252,
       0.14007378, 0.93937248, 0.72757542]), array([0.68348449, 0.60890526, 0.52869952, 0.75775367, 0.79520017,
       0.81246841, 0.67886412, 0.74009508, 0.60304028, 0.61200708,
       0.82451689, 0.58427328, 0.76810724]), array([0.30811715, 0.38169393, 0.45942929, 0.23581545, 0.19802709,
       0.18048394, 0.31271192, 0.25295195, 0.38678426, 0.37784874,
       0.16859628, 0.40518168, 0.22517058]), array([0.1326232 , 0.13670406, 0.03470334, 0.44547921, 0.54316896,
       0.61668783, 0.13444506, 0.18309332, 0.08199205, 0.07645128,
       0.86804044, 0.07033941, 0.28277975]))","['DeepSeekQwen (32B)', 'GPM (8B)', 'EurusPRMStage2_avg_scores (7.62B)', 'LDLReward (27.2B)', 'EurusPRMStage2_max_scores (7.62B)', 'InternLM2 (7B)', 'Qwen72B_scores (72B)', 'QwenPRM_min_scores (7.63B)', 'SkyT1 (32B)', 'DeepSeekLlama (70B)', 'EurusPRMStage1_avg_scores (7.62B)', 'ArmorRM (8B)', 'Skyworks (8B)']","[0.9999961654619416, 0.9999843869817604, 0.9999867684441118, 0.9999843869817604, 0.0050582846676837925, 0.9997666315205606, 0.9999843869817604, 0.999862983123058, 0.9990504673206418, 0.9999461268717549, 0.828343629753362, 0.9999461268717549, 0.9999461268717549, 0.999865313241596, 0.9999867684441118, 0.9999461268717549, 0.9994518187324555, 0.9999461268717549, 0.9992389289264434, 0.9999867684441118, 0.9999461268717549, 0.9999461268717549, 0.999865313241596, 0.9998410753153119, 0.9999867684441118, 0.9999867684441118, 0.9999867684441118, 0.9999961654619416, 0.9999867684441118, 0.9999461268717549, 0.9999461268717549, 0.999865313241596, 0.999865313241596, 0.9999961654619416, 0.9999461268717549, 0.9999867684441118, 0.999865313241596, 0.9999867684441118, 0.999865313241596, 0.27223477155773246, 0.9999867684441118, 0.9904168727389657, 0.9904168727389657, 0.9999461268717549, 0.9999867684441118, 0.9999461268717549, 0.9999461268717549, 0.9994518187324555, 0.999862983123058, 0.9999867684441118]",1.0,18,test,,0.0,9
1.0,50,0,0,0,50,3,1,1,1,0,0,0,3,1,1,1,0,0,0,"(array([0.87740868, 0.87239605, 0.97465032, 0.56448263, 0.46675077,
       0.3927508 , 0.8755213 , 0.82691753, 0.92772895, 0.93343252,
       0.14007378, 0.93937248, 0.72757542]), array([0.68348449, 0.60890526, 0.52869952, 0.75775367, 0.79520017,
       0.81246841, 0.67886412, 0.74009508, 0.60304028, 0.61200708,
       0.82451689, 0.58427328, 0.76810724]), array([0.30811715, 0.38169393, 0.45942929, 0.23581545, 0.19802709,
       0.18048394, 0.31271192, 0.25295195, 0.38678426, 0.37784874,
       0.16859628, 0.40518168, 0.22517058]), array([0.1326232 , 0.13670406, 0.03470334, 0.44547921, 0.54316896,
       0.61668783, 0.13444506, 0.18309332, 0.08199205, 0.07645128,
       0.86804044, 0.07033941, 0.28277975]))","['DeepSeekQwen (32B)', 'GPM (8B)', 'EurusPRMStage2_avg_scores (7.62B)', 'LDLReward (27.2B)', 'EurusPRMStage2_max_scores (7.62B)', 'InternLM2 (7B)', 'Qwen72B_scores (72B)', 'QwenPRM_min_scores (7.63B)', 'SkyT1 (32B)', 'DeepSeekLlama (70B)', 'EurusPRMStage1_avg_scores (7.62B)', 'ArmorRM (8B)', 'Skyworks (8B)']","[0.999955239612699, 0.9995445065373486, 0.9995445065373486, 0.9999890066622493, 0.999955239612699, 0.9998455641425869, 0.999955239612699, 0.9998455641425869, 0.999955239612699, 0.999955239612699, 0.9999620667708081, 0.9999890066622493, 0.999955239612699, 0.9998455641425869, 0.999955239612699, 0.9995445065373486, 0.9999890066622493, 0.9999620667708081, 0.9998455641425869, 0.999955239612699, 0.9998455641425869, 0.9999890066622493, 0.999955239612699, 0.999955239612699, 0.9995445065373486, 0.9999890066622493, 0.999955239612699, 0.9999890066622493, 0.9998455641425869, 0.999955239612699, 0.9998880942302318, 0.9996139573064, 0.9999620667708081, 0.9999890066622493, 0.9998455641425869, 0.9984300002701988, 0.9999890066622493, 0.9992109630113136, 0.999955239612699, 0.9999620667708081, 0.999955239612699, 0.9998386906828952, 0.9999620667708081, 0.9978211456427138, 0.9998455641425869, 0.9999890066622493, 0.999955239612699, 0.9999620667708081, 0.9998880942302318, 0.9999890066622493]",1.0,19,test,,0.0,9
0.66,33,0,0,17,50,38,1,1,1,0,0,0,38,1,1,1,0,0,0,"(array([0.87740868, 0.87239605, 0.97465032, 0.56448263, 0.46675077,
       0.3927508 , 0.8755213 , 0.82691753, 0.92772895, 0.93343252,
       0.14007378, 0.93937248, 0.72757542]), array([0.68348449, 0.60890526, 0.52869952, 0.75775367, 0.79520017,
       0.81246841, 0.67886412, 0.74009508, 0.60304028, 0.61200708,
       0.82451689, 0.58427328, 0.76810724]), array([0.30811715, 0.38169393, 0.45942929, 0.23581545, 0.19802709,
       0.18048394, 0.31271192, 0.25295195, 0.38678426, 0.37784874,
       0.16859628, 0.40518168, 0.22517058]), array([0.1326232 , 0.13670406, 0.03470334, 0.44547921, 0.54316896,
       0.61668783, 0.13444506, 0.18309332, 0.08199205, 0.07645128,
       0.86804044, 0.07033941, 0.28277975]))","['DeepSeekQwen (32B)', 'GPM (8B)', 'EurusPRMStage2_avg_scores (7.62B)', 'LDLReward (27.2B)', 'EurusPRMStage2_max_scores (7.62B)', 'InternLM2 (7B)', 'Qwen72B_scores (72B)', 'QwenPRM_min_scores (7.63B)', 'SkyT1 (32B)', 'DeepSeekLlama (70B)', 'EurusPRMStage1_avg_scores (7.62B)', 'ArmorRM (8B)', 'Skyworks (8B)']","[0.9900357206804571, 0.2674978777365912, 0.9937903169002493, 0.390878661030747, 0.759864084757877, 0.23712004406696952, 0.9937903169002493, 0.9937903169002493, 0.390878661030747, 0.053826324029610684, 0.001602101018785343, 0.9188343659923403, 0.6456279027992542, 0.7979234898187729, 0.999288580647958, 0.22166931141769608, 0.9861164789575169, 0.999288580647958, 0.9292825172871426, 0.9188343659923403, 0.48327801548826177, 0.016073688541098273, 0.9900357206804571, 0.35618331173634316, 0.9979631039646617, 0.9995782796013258, 0.2674978777365912, 0.06572014619657571, 0.9900357206804571, 0.9824011947254436, 0.36404484222354394, 0.9719546629269541, 0.9900357206804571, 0.9188343659923403, 0.8492204715553539, 0.9937903169002493, 0.998646161741248, 0.016073688541098273, 0.9998777489050539, 0.5265114325438565, 0.9414441595908696, 0.7979234898187729, 0.01813127004127937, 0.9995273602925665, 0.9900357206804571, 0.12122520437341423, 0.390878661030747, 0.900713902760077, 0.9188343659923403, 0.9188343659923403]",1.0,20,test,,0.0,9
0.98,49,0,0,1,50,2,1,1,1,0,0,0,2,1,1,1,0,0,0,"(array([0.87740868, 0.87239605, 0.97465032, 0.56448263, 0.46675077,
       0.3927508 , 0.8755213 , 0.82691753, 0.92772895, 0.93343252,
       0.14007378, 0.93937248, 0.72757542]), array([0.68348449, 0.60890526, 0.52869952, 0.75775367, 0.79520017,
       0.81246841, 0.67886412, 0.74009508, 0.60304028, 0.61200708,
       0.82451689, 0.58427328, 0.76810724]), array([0.30811715, 0.38169393, 0.45942929, 0.23581545, 0.19802709,
       0.18048394, 0.31271192, 0.25295195, 0.38678426, 0.37784874,
       0.16859628, 0.40518168, 0.22517058]), array([0.1326232 , 0.13670406, 0.03470334, 0.44547921, 0.54316896,
       0.61668783, 0.13444506, 0.18309332, 0.08199205, 0.07645128,
       0.86804044, 0.07033941, 0.28277975]))","['DeepSeekQwen (32B)', 'GPM (8B)', 'EurusPRMStage2_avg_scores (7.62B)', 'LDLReward (27.2B)', 'EurusPRMStage2_max_scores (7.62B)', 'InternLM2 (7B)', 'Qwen72B_scores (72B)', 'QwenPRM_min_scores (7.63B)', 'SkyT1 (32B)', 'DeepSeekLlama (70B)', 'EurusPRMStage1_avg_scores (7.62B)', 'ArmorRM (8B)', 'Skyworks (8B)']","[0.9891103763068935, 0.9999620667708081, 0.9999890066622493, 0.9999890066622493, 0.9999890066622493, 0.9998880942302318, 0.9999890066622493, 0.9698252407870983, 0.9998386906828952, 0.9998386906828952, 0.9998777489050539, 0.996819592741509, 0.9966218932033998, 0.9998386906828952, 0.9998880942302318, 0.9657315776375018, 0.8332563024315371, 0.9998386906828952, 0.9998386906828952, 0.9999890066622493, 0.9994435966348699, 0.9999035210941672, 0.9998386906828952, 0.6287784059940884, 0.9999867684441118, 0.9983602277906432, 0.996819592741509, 0.999955239612699, 0.9982088891885353, 0.9677855598265498, 0.9998386906828952, 0.9976509633204079, 0.9998777489050539, 0.9980954910331282, 0.9997826415171983, 0.9996139573064, 0.9999890066622493, 0.9999890066622493, 0.9977383413924947, 0.9998386906828952, 0.9999890066622493, 0.9983602277906432, 0.9902744553634656, 0.9091051629191154, 0.9998386906828952, 0.9902744553634656, 0.06346176677053617, 0.9943643535307057, 0.9985859821053139, 0.9998061003501832]",1.0,21,test,,0.0,9
0.54,6,21,23,0,50,36,1,1,1,0,0,0,36,1,1,1,0,0,0,"(array([0.87740868, 0.87239605, 0.97465032, 0.56448263, 0.46675077,
       0.3927508 , 0.8755213 , 0.82691753, 0.92772895, 0.93343252,
       0.14007378, 0.93937248, 0.72757542]), array([0.68348449, 0.60890526, 0.52869952, 0.75775367, 0.79520017,
       0.81246841, 0.67886412, 0.74009508, 0.60304028, 0.61200708,
       0.82451689, 0.58427328, 0.76810724]), array([0.30811715, 0.38169393, 0.45942929, 0.23581545, 0.19802709,
       0.18048394, 0.31271192, 0.25295195, 0.38678426, 0.37784874,
       0.16859628, 0.40518168, 0.22517058]), array([0.1326232 , 0.13670406, 0.03470334, 0.44547921, 0.54316896,
       0.61668783, 0.13444506, 0.18309332, 0.08199205, 0.07645128,
       0.86804044, 0.07033941, 0.28277975]))","['DeepSeekQwen (32B)', 'GPM (8B)', 'EurusPRMStage2_avg_scores (7.62B)', 'LDLReward (27.2B)', 'EurusPRMStage2_max_scores (7.62B)', 'InternLM2 (7B)', 'Qwen72B_scores (72B)', 'QwenPRM_min_scores (7.63B)', 'SkyT1 (32B)', 'DeepSeekLlama (70B)', 'EurusPRMStage1_avg_scores (7.62B)', 'ArmorRM (8B)', 'Skyworks (8B)']","[0.8653194560317095, 0.42264436856828197, 0.9353865703950326, 4.0046446462143096e-05, 0.9895057466314542, 0.00011551585609424921, 0.8653194560317095, 0.9148431135349734, 0.7804806794751873, 6.939231880996881e-05, 0.06708234792742353, 0.4484263939534617, 0.01342284719191794, 0.0007059948875893685, 0.0455830975798921, 0.5134439206644956, 0.1159581153300775, 0.9803744558963025, 0.1066750779184804, 0.999949332220614, 0.00253095175509185, 0.9353865703950326, 0.8653194560317095, 0.8653194560317095, 0.001334648302650183, 0.15238772576411097, 0.9803744558963025, 0.830705275859127, 0.15238772576411097, 0.999667162966574, 0.09910503360897345, 0.8653194560317095, 0.45711401090012127, 0.9921911499060625, 0.9895057466314542, 0.9999620667708081, 0.9999890066622493, 0.5871192028939595, 0.999667162966574, 0.9803744558963025, 0.7251572551210063, 0.96965986986569, 0.0724909708946291, 0.9542726827595962, 0.9148431135349734, 0.42264436856828197, 0.9148431135349734, 0.4484263939534617, 0.7251572551210063, 0.018430986038888222]",0.12,22,test,,0.0,1
1.0,50,0,0,0,50,32,1,1,1,0,0,0,32,1,1,1,0,0,0,"(array([0.87740868, 0.87239605, 0.97465032, 0.56448263, 0.46675077,
       0.3927508 , 0.8755213 , 0.82691753, 0.92772895, 0.93343252,
       0.14007378, 0.93937248, 0.72757542]), array([0.68348449, 0.60890526, 0.52869952, 0.75775367, 0.79520017,
       0.81246841, 0.67886412, 0.74009508, 0.60304028, 0.61200708,
       0.82451689, 0.58427328, 0.76810724]), array([0.30811715, 0.38169393, 0.45942929, 0.23581545, 0.19802709,
       0.18048394, 0.31271192, 0.25295195, 0.38678426, 0.37784874,
       0.16859628, 0.40518168, 0.22517058]), array([0.1326232 , 0.13670406, 0.03470334, 0.44547921, 0.54316896,
       0.61668783, 0.13444506, 0.18309332, 0.08199205, 0.07645128,
       0.86804044, 0.07033941, 0.28277975]))","['DeepSeekQwen (32B)', 'GPM (8B)', 'EurusPRMStage2_avg_scores (7.62B)', 'LDLReward (27.2B)', 'EurusPRMStage2_max_scores (7.62B)', 'InternLM2 (7B)', 'Qwen72B_scores (72B)', 'QwenPRM_min_scores (7.63B)', 'SkyT1 (32B)', 'DeepSeekLlama (70B)', 'EurusPRMStage1_avg_scores (7.62B)', 'ArmorRM (8B)', 'Skyworks (8B)']","[0.9994518187324555, 0.9992389289264434, 0.9995445065373486, 0.9999461268717549, 0.9994518187324555, 0.9994518187324555, 0.9999461268717549, 0.9990504673206418, 0.9990504673206418, 0.9999867684441118, 0.999955239612699, 0.999955239612699, 0.9473997454732404, 0.9999461268717549, 0.9999867684441118, 0.999955239612699, 0.9999867684441118, 0.9999461268717549, 0.9999461268717549, 0.9999461268717549, 0.999955239612699, 0.999955239612699, 0.9997793224890124, 0.9999461268717549, 0.9994518187324555, 0.9998455641425869, 0.9999461268717549, 0.9999461268717549, 0.9999461268717549, 0.9999461268717549, 0.9998455641425869, 0.9994518187324555, 0.9999961654619416, 0.9999461268717549, 0.9998777489050539, 0.9994518187324555, 0.9999461268717549, 0.999955239612699, 0.9999461268717549, 0.9999461268717549, 0.999955239612699, 0.9999461268717549, 0.9348320305176773, 0.9998455641425869, 0.9999890066622493, 0.9928044301588581, 0.9999461268717549, 0.9992389289264434, 0.9994518187324555, 0.9999461268717549]",1.0,23,test,,0.0,9
0.54,14,13,1,22,50,0,1,1,1,0,0,0,35,0,1,0,1,0,0,"(array([0.87740868, 0.87239605, 0.97465032, 0.56448263, 0.46675077,
       0.3927508 , 0.8755213 , 0.82691753, 0.92772895, 0.93343252,
       0.14007378, 0.93937248, 0.72757542]), array([0.68348449, 0.60890526, 0.52869952, 0.75775367, 0.79520017,
       0.81246841, 0.67886412, 0.74009508, 0.60304028, 0.61200708,
       0.82451689, 0.58427328, 0.76810724]), array([0.30811715, 0.38169393, 0.45942929, 0.23581545, 0.19802709,
       0.18048394, 0.31271192, 0.25295195, 0.38678426, 0.37784874,
       0.16859628, 0.40518168, 0.22517058]), array([0.1326232 , 0.13670406, 0.03470334, 0.44547921, 0.54316896,
       0.61668783, 0.13444506, 0.18309332, 0.08199205, 0.07645128,
       0.86804044, 0.07033941, 0.28277975]))","['DeepSeekQwen (32B)', 'GPM (8B)', 'EurusPRMStage2_avg_scores (7.62B)', 'LDLReward (27.2B)', 'EurusPRMStage2_max_scores (7.62B)', 'InternLM2 (7B)', 'Qwen72B_scores (72B)', 'QwenPRM_min_scores (7.63B)', 'SkyT1 (32B)', 'DeepSeekLlama (70B)', 'EurusPRMStage1_avg_scores (7.62B)', 'ArmorRM (8B)', 'Skyworks (8B)']","[0.9956196497932571, 0.004341796299073587, 0.9571300419720495, 0.0014959134328473458, 0.4675003193941225, 0.013596814008876978, 0.28039023204996233, 0.9279757263215684, 0.1066750779184804, 0.4675003193941225, 0.07939096095918789, 0.16048142621019043, 0.4675003193941225, 0.978002154941029, 0.4675003193941225, 0.03907828453065528, 0.751827479775064, 0.9279757263215684, 0.006723521112898123, 0.7231287165125395, 0.485729212862848, 0.229332177413322, 0.052489971553909234, 0.0714330641897168, 0.005143031753078282, 0.9568414895159866, 0.7299072474212224, 0.0022999615448860114, 0.4675003193941225, 0.7231287165125395, 0.9393490584718357, 0.9279757263215684, 0.0436009909198575, 0.4675003193941225, 0.4675003193941225, 0.0007706405927510325, 0.004458102483995731, 0.751827479775064, 0.05847042467530058, 0.1359280517867171, 0.01502275379421892, 0.9637538651279189, 0.0031304297657159586, 0.4675003193941225, 0.0007706405927510325, 0.4675003193941225, 0.0031304297657159586, 0.01342284719191794, 0.9393490584718357, 0.052489971553909234]",0.72,24,test,,0.0,7
0.74,20,17,4,9,50,11,1,1,1,0,0,0,36,0,1,0,1,0,0,"(array([0.87740868, 0.87239605, 0.97465032, 0.56448263, 0.46675077,
       0.3927508 , 0.8755213 , 0.82691753, 0.92772895, 0.93343252,
       0.14007378, 0.93937248, 0.72757542]), array([0.68348449, 0.60890526, 0.52869952, 0.75775367, 0.79520017,
       0.81246841, 0.67886412, 0.74009508, 0.60304028, 0.61200708,
       0.82451689, 0.58427328, 0.76810724]), array([0.30811715, 0.38169393, 0.45942929, 0.23581545, 0.19802709,
       0.18048394, 0.31271192, 0.25295195, 0.38678426, 0.37784874,
       0.16859628, 0.40518168, 0.22517058]), array([0.1326232 , 0.13670406, 0.03470334, 0.44547921, 0.54316896,
       0.61668783, 0.13444506, 0.18309332, 0.08199205, 0.07645128,
       0.86804044, 0.07033941, 0.28277975]))","['DeepSeekQwen (32B)', 'GPM (8B)', 'EurusPRMStage2_avg_scores (7.62B)', 'LDLReward (27.2B)', 'EurusPRMStage2_max_scores (7.62B)', 'InternLM2 (7B)', 'Qwen72B_scores (72B)', 'QwenPRM_min_scores (7.63B)', 'SkyT1 (32B)', 'DeepSeekLlama (70B)', 'EurusPRMStage1_avg_scores (7.62B)', 'ArmorRM (8B)', 'Skyworks (8B)']","[0.8770827208919365, 0.9983869645423903, 0.052489971553909234, 0.013779046191774993, 0.9949227151351246, 0.34554292002334147, 0.9057975816622486, 0.03224168294323949, 0.3271519161982828, 0.18255069255333212, 0.9985232790564342, 0.9998547519138168, 0.991940672318557, 0.9998547519138168, 0.3271519161982828, 0.00030703503161986037, 0.3271519161982828, 0.3271519161982828, 0.999498976840051, 0.0009920121863546908, 0.28502395677222336, 0.8770827208919365, 0.999498976840051, 0.8875585879860594, 0.9985232790564342, 0.2674978777365912, 0.0008253871608172936, 0.9998547519138168, 0.22371738393057222, 0.0012567054690247974, 0.09970205371694747, 0.23931215993326865, 0.01635524548958874, 0.999498976840051, 0.3819708267938737, 0.22371738393057222, 6.8995066100720705e-06, 0.9944558818488419, 0.9949227151351246, 0.9987266140516202, 0.9998547519138168, 0.0009920121863546908, 0.8770827208919365, 0.9944558818488419, 0.22371738393057222, 0.9998547519138168, 0.999498976840051, 0.02682698430750739, 0.3582977193970302, 0.9698252407870983]",0.58,25,test,,0.0,5
0.98,49,0,0,1,50,14,1,1,1,0,0,0,14,1,1,1,0,0,0,"(array([0.87740868, 0.87239605, 0.97465032, 0.56448263, 0.46675077,
       0.3927508 , 0.8755213 , 0.82691753, 0.92772895, 0.93343252,
       0.14007378, 0.93937248, 0.72757542]), array([0.68348449, 0.60890526, 0.52869952, 0.75775367, 0.79520017,
       0.81246841, 0.67886412, 0.74009508, 0.60304028, 0.61200708,
       0.82451689, 0.58427328, 0.76810724]), array([0.30811715, 0.38169393, 0.45942929, 0.23581545, 0.19802709,
       0.18048394, 0.31271192, 0.25295195, 0.38678426, 0.37784874,
       0.16859628, 0.40518168, 0.22517058]), array([0.1326232 , 0.13670406, 0.03470334, 0.44547921, 0.54316896,
       0.61668783, 0.13444506, 0.18309332, 0.08199205, 0.07645128,
       0.86804044, 0.07033941, 0.28277975]))","['DeepSeekQwen (32B)', 'GPM (8B)', 'EurusPRMStage2_avg_scores (7.62B)', 'LDLReward (27.2B)', 'EurusPRMStage2_max_scores (7.62B)', 'InternLM2 (7B)', 'Qwen72B_scores (72B)', 'QwenPRM_min_scores (7.63B)', 'SkyT1 (32B)', 'DeepSeekLlama (70B)', 'EurusPRMStage1_avg_scores (7.62B)', 'ArmorRM (8B)', 'Skyworks (8B)']","[0.9998061003501832, 0.999955239612699, 0.9999890066622493, 0.998646161741248, 0.9995445065373486, 0.9999890066622493, 0.999955239612699, 0.999955239612699, 0.9999890066622493, 0.8895552929578273, 0.9999890066622493, 0.999955239612699, 0.999955239612699, 0.999955239612699, 0.9999961654619416, 0.9999890066622493, 0.9998880942302318, 0.4817375150720793, 0.999955239612699, 0.9995445065373486, 0.9995445065373486, 0.999955239612699, 0.9999890066622493, 0.9993435173639509, 0.999955239612699, 0.999955239612699, 0.9998455641425869, 0.9999890066622493, 0.999955239612699, 0.9995445065373486, 0.9998880942302318, 0.9999890066622493, 0.9999890066622493, 0.9995445065373486, 0.9999890066622493, 0.9999890066622493, 0.999955239612699, 0.9995445065373486, 0.9999890066622493, 0.9999890066622493, 0.9995445065373486, 0.999955239612699, 0.999955239612699, 0.999955239612699, 0.9995445065373486, 0.998646161741248, 0.9999890066622493, 0.9999890066622493, 0.9995445065373486, 0.999955239612699]",1.0,26,test,,0.0,9
0.76,16,22,9,3,50,23,1,1,1,0,0,0,46,0,1,0,1,0,0,"(array([0.87740868, 0.87239605, 0.97465032, 0.56448263, 0.46675077,
       0.3927508 , 0.8755213 , 0.82691753, 0.92772895, 0.93343252,
       0.14007378, 0.93937248, 0.72757542]), array([0.68348449, 0.60890526, 0.52869952, 0.75775367, 0.79520017,
       0.81246841, 0.67886412, 0.74009508, 0.60304028, 0.61200708,
       0.82451689, 0.58427328, 0.76810724]), array([0.30811715, 0.38169393, 0.45942929, 0.23581545, 0.19802709,
       0.18048394, 0.31271192, 0.25295195, 0.38678426, 0.37784874,
       0.16859628, 0.40518168, 0.22517058]), array([0.1326232 , 0.13670406, 0.03470334, 0.44547921, 0.54316896,
       0.61668783, 0.13444506, 0.18309332, 0.08199205, 0.07645128,
       0.86804044, 0.07033941, 0.28277975]))","['DeepSeekQwen (32B)', 'GPM (8B)', 'EurusPRMStage2_avg_scores (7.62B)', 'LDLReward (27.2B)', 'EurusPRMStage2_max_scores (7.62B)', 'InternLM2 (7B)', 'Qwen72B_scores (72B)', 'QwenPRM_min_scores (7.63B)', 'SkyT1 (32B)', 'DeepSeekLlama (70B)', 'EurusPRMStage1_avg_scores (7.62B)', 'ArmorRM (8B)', 'Skyworks (8B)']","[0.9998880942302318, 0.9956196497932571, 0.9998880942302318, 0.16643614092808381, 0.9279757263215684, 0.002868399801260489, 0.01854293351038751, 0.28039023204996233, 0.3271519161982828, 0.40305278220740054, 0.8511510893799975, 0.6279984365312886, 0.04518669661843434, 0.28039023204996233, 7.023559465525395e-05, 0.001334648302650183, 0.052489971553909234, 0.999498976840051, 0.052489971553909234, 0.9985232790564342, 0.026822401245297396, 0.06498230842537593, 0.9956196497932571, 0.9999890066622493, 0.40305278220740054, 0.9595451367600545, 0.9595451367600545, 0.6279984365312886, 0.009249362337109424, 0.010261805360674663, 0.28502395677222336, 0.16048142621019043, 0.9999890066622493, 0.052489971553909234, 0.8992144796747549, 0.9956196497932571, 0.42264436856828197, 0.28799444079933056, 0.9998880942302318, 0.8729954569139301, 0.9981453013465343, 0.9279757263215684, 0.2482384082642242, 0.9218911343394394, 0.8448399770657136, 0.8729954569139301, 2.147201249091784e-06, 0.9956196497932571, 6.939231880996881e-05, 0.9998547519138168]",0.38,27,test,,0.0,3
0.98,48,1,0,1,50,23,1,1,1,0,0,0,23,1,1,1,0,0,0,"(array([0.87740868, 0.87239605, 0.97465032, 0.56448263, 0.46675077,
       0.3927508 , 0.8755213 , 0.82691753, 0.92772895, 0.93343252,
       0.14007378, 0.93937248, 0.72757542]), array([0.68348449, 0.60890526, 0.52869952, 0.75775367, 0.79520017,
       0.81246841, 0.67886412, 0.74009508, 0.60304028, 0.61200708,
       0.82451689, 0.58427328, 0.76810724]), array([0.30811715, 0.38169393, 0.45942929, 0.23581545, 0.19802709,
       0.18048394, 0.31271192, 0.25295195, 0.38678426, 0.37784874,
       0.16859628, 0.40518168, 0.22517058]), array([0.1326232 , 0.13670406, 0.03470334, 0.44547921, 0.54316896,
       0.61668783, 0.13444506, 0.18309332, 0.08199205, 0.07645128,
       0.86804044, 0.07033941, 0.28277975]))","['DeepSeekQwen (32B)', 'GPM (8B)', 'EurusPRMStage2_avg_scores (7.62B)', 'LDLReward (27.2B)', 'EurusPRMStage2_max_scores (7.62B)', 'InternLM2 (7B)', 'Qwen72B_scores (72B)', 'QwenPRM_min_scores (7.63B)', 'SkyT1 (32B)', 'DeepSeekLlama (70B)', 'EurusPRMStage1_avg_scores (7.62B)', 'ArmorRM (8B)', 'Skyworks (8B)']","[0.9999890066622493, 0.9998880942302318, 0.9999890066622493, 0.9998880942302318, 0.9999890066622493, 0.9998880942302318, 0.9999890066622493, 0.9999890066622493, 0.9999890066622493, 0.9978726263213256, 0.9999890066622493, 0.9992109630113136, 0.9994435966348699, 0.9999035210941672, 0.9999890066622493, 0.9994088528150931, 0.9998880942302318, 0.9999890066622493, 0.9998880942302318, 0.999955239612699, 0.9999890066622493, 0.9998880942302318, 0.9999890066622493, 0.9999961654619416, 0.9980295230127402, 0.21707995220316104, 0.9999620667708081, 0.9999890066622493, 0.999607280367962, 0.9998061003501832, 0.9999890066622493, 0.9998880942302318, 0.9999890066622493, 0.9999620667708081, 0.9999620667708081, 0.9980295230127402, 0.9995024134521148, 0.9999620667708081, 0.999955239612699, 0.9999890066622493, 0.9999890066622493, 0.9998880942302318, 0.9999890066622493, 0.9999890066622493, 0.9999890066622493, 0.9999890066622493, 0.9999890066622493, 0.9998061003501832, 0.4183431796347876, 0.9999620667708081]",0.98,28,test,,0.0,9
0.68,33,1,0,16,50,27,1,1,1,0,0,0,27,1,1,1,0,0,0,"(array([0.87740868, 0.87239605, 0.97465032, 0.56448263, 0.46675077,
       0.3927508 , 0.8755213 , 0.82691753, 0.92772895, 0.93343252,
       0.14007378, 0.93937248, 0.72757542]), array([0.68348449, 0.60890526, 0.52869952, 0.75775367, 0.79520017,
       0.81246841, 0.67886412, 0.74009508, 0.60304028, 0.61200708,
       0.82451689, 0.58427328, 0.76810724]), array([0.30811715, 0.38169393, 0.45942929, 0.23581545, 0.19802709,
       0.18048394, 0.31271192, 0.25295195, 0.38678426, 0.37784874,
       0.16859628, 0.40518168, 0.22517058]), array([0.1326232 , 0.13670406, 0.03470334, 0.44547921, 0.54316896,
       0.61668783, 0.13444506, 0.18309332, 0.08199205, 0.07645128,
       0.86804044, 0.07033941, 0.28277975]))","['DeepSeekQwen (32B)', 'GPM (8B)', 'EurusPRMStage2_avg_scores (7.62B)', 'LDLReward (27.2B)', 'EurusPRMStage2_max_scores (7.62B)', 'InternLM2 (7B)', 'Qwen72B_scores (72B)', 'QwenPRM_min_scores (7.63B)', 'SkyT1 (32B)', 'DeepSeekLlama (70B)', 'EurusPRMStage1_avg_scores (7.62B)', 'ArmorRM (8B)', 'Skyworks (8B)']","[0.9998446085449545, 0.970409779983876, 0.7979234898187729, 0.0010918368136554157, 0.9976509633204079, 0.9698252407870983, 0.6300337206009986, 0.9414441595908696, 0.976034638797195, 0.9218911343394394, 0.14037870772866035, 0.9994640013145005, 0.0036551356582676005, 0.9677855598265498, 0.9601192562515527, 0.7908099581298751, 0.6300337206009986, 0.1359280517867171, 0.11043467333139718, 0.1640910138705042, 0.17647427141309058, 0.522796573189509, 0.9976509633204079, 0.522796573189509, 0.697760109746725, 0.9999035210941672, 0.11416088968498271, 0.9999620667708081, 0.11416088968498271, 0.00870502912048917, 0.00870502912048917, 0.9979505242066811, 0.6456279027992542, 0.0025384087891721194, 0.1359280517867171, 0.11043467333139718, 0.9983869645423903, 0.976034638797195, 0.970409779983876, 0.9976509633204079, 0.6528750030399508, 0.11416088968498271, 0.14037870772866035, 0.9982744954525221, 0.220564027018382, 0.9998777489050539, 0.9411436638158002, 0.9698252407870983, 0.9999620667708081, 0.9822942106389216]",0.98,29,test,,0.0,9
0.98,48,1,0,1,50,33,1,1,1,0,0,0,33,1,1,1,0,0,0,"(array([0.87740868, 0.87239605, 0.97465032, 0.56448263, 0.46675077,
       0.3927508 , 0.8755213 , 0.82691753, 0.92772895, 0.93343252,
       0.14007378, 0.93937248, 0.72757542]), array([0.68348449, 0.60890526, 0.52869952, 0.75775367, 0.79520017,
       0.81246841, 0.67886412, 0.74009508, 0.60304028, 0.61200708,
       0.82451689, 0.58427328, 0.76810724]), array([0.30811715, 0.38169393, 0.45942929, 0.23581545, 0.19802709,
       0.18048394, 0.31271192, 0.25295195, 0.38678426, 0.37784874,
       0.16859628, 0.40518168, 0.22517058]), array([0.1326232 , 0.13670406, 0.03470334, 0.44547921, 0.54316896,
       0.61668783, 0.13444506, 0.18309332, 0.08199205, 0.07645128,
       0.86804044, 0.07033941, 0.28277975]))","['DeepSeekQwen (32B)', 'GPM (8B)', 'EurusPRMStage2_avg_scores (7.62B)', 'LDLReward (27.2B)', 'EurusPRMStage2_max_scores (7.62B)', 'InternLM2 (7B)', 'Qwen72B_scores (72B)', 'QwenPRM_min_scores (7.63B)', 'SkyT1 (32B)', 'DeepSeekLlama (70B)', 'EurusPRMStage1_avg_scores (7.62B)', 'ArmorRM (8B)', 'Skyworks (8B)']","[0.9998410753153119, 0.9998838802331509, 0.9976509633204079, 0.9744036080304198, 0.9998446085449545, 0.9995782796013258, 0.8383856976765589, 0.9765905912905508, 0.9765018052945549, 0.9999461268717549, 0.9998410753153119, 0.9744036080304198, 0.9966218932033998, 0.9976509633204079, 0.999966345741357, 0.9998777489050539, 0.9999867684441118, 9.715285687831931e-05, 0.9998777489050539, 0.9995782796013258, 0.9893537739129442, 0.9233308354202439, 0.9998880942302318, 0.9998777489050539, 0.9985859821053139, 0.9995782796013258, 0.6833348174015098, 0.828343629753362, 0.9998838802331509, 0.8969726358603247, 0.9960639470794367, 0.9999867684441118, 0.01898193323900881, 0.9999961654619416, 0.9998777489050539, 0.9966218932033998, 0.9998880942302318, 0.9811951099035985, 0.9936290264231971, 0.9999461268717549, 0.9960639470794367, 0.9542726827595962, 0.9030467224703234, 0.9960639470794367, 0.9960639470794367, 0.9999843869817604, 0.9976509633204079, 0.9998777489050539, 0.9998777489050539, 0.9999843869817604]",0.98,30,test,,0.0,9
0.96,48,0,0,2,50,18,1,1,1,0,0,0,18,1,1,1,0,0,0,"(array([0.87740868, 0.87239605, 0.97465032, 0.56448263, 0.46675077,
       0.3927508 , 0.8755213 , 0.82691753, 0.92772895, 0.93343252,
       0.14007378, 0.93937248, 0.72757542]), array([0.68348449, 0.60890526, 0.52869952, 0.75775367, 0.79520017,
       0.81246841, 0.67886412, 0.74009508, 0.60304028, 0.61200708,
       0.82451689, 0.58427328, 0.76810724]), array([0.30811715, 0.38169393, 0.45942929, 0.23581545, 0.19802709,
       0.18048394, 0.31271192, 0.25295195, 0.38678426, 0.37784874,
       0.16859628, 0.40518168, 0.22517058]), array([0.1326232 , 0.13670406, 0.03470334, 0.44547921, 0.54316896,
       0.61668783, 0.13444506, 0.18309332, 0.08199205, 0.07645128,
       0.86804044, 0.07033941, 0.28277975]))","['DeepSeekQwen (32B)', 'GPM (8B)', 'EurusPRMStage2_avg_scores (7.62B)', 'LDLReward (27.2B)', 'EurusPRMStage2_max_scores (7.62B)', 'InternLM2 (7B)', 'Qwen72B_scores (72B)', 'QwenPRM_min_scores (7.63B)', 'SkyT1 (32B)', 'DeepSeekLlama (70B)', 'EurusPRMStage1_avg_scores (7.62B)', 'ArmorRM (8B)', 'Skyworks (8B)']","[0.9995782796013258, 0.9976509633204079, 0.8746373832402369, 0.8679603841494191, 0.9944558818488419, 0.5036490238622549, 0.9936290264231971, 0.9995782796013258, 0.9976509633204079, 0.9601192562515527, 0.9998777489050539, 0.7920216897926445, 0.9999620667708081, 0.828343629753362, 0.9999620667708081, 0.9999867684441118, 0.9999867684441118, 0.9999867684441118, 0.9999890066622493, 0.9998880942302318, 0.9999620667708081, 0.9893537739129442, 0.828343629753362, 0.9980295230127402, 0.9999620667708081, 0.9996139573064, 0.9865477856692857, 0.38475233510782614, 0.9999620667708081, 0.9998777489050539, 0.23931215993326865, 0.9999609640726779, 0.9269432448681153, 0.9999620667708081, 0.991940672318557, 0.7920216897926445, 0.9677855598265498, 0.9999890066622493, 0.8746373832402369, 0.9999867684441118, 0.9978477286535119, 0.9952091056328506, 0.9999620667708081, 0.9999620667708081, 0.9999867684441118, 0.9999867684441118, 0.9999867684441118, 0.9292825172871426, 0.9996139573064, 0.9571300419720495]",1.0,31,test,,0.0,9
0.94,47,0,0,3,50,5,1,1,1,0,0,0,5,1,1,1,0,0,0,"(array([0.87740868, 0.87239605, 0.97465032, 0.56448263, 0.46675077,
       0.3927508 , 0.8755213 , 0.82691753, 0.92772895, 0.93343252,
       0.14007378, 0.93937248, 0.72757542]), array([0.68348449, 0.60890526, 0.52869952, 0.75775367, 0.79520017,
       0.81246841, 0.67886412, 0.74009508, 0.60304028, 0.61200708,
       0.82451689, 0.58427328, 0.76810724]), array([0.30811715, 0.38169393, 0.45942929, 0.23581545, 0.19802709,
       0.18048394, 0.31271192, 0.25295195, 0.38678426, 0.37784874,
       0.16859628, 0.40518168, 0.22517058]), array([0.1326232 , 0.13670406, 0.03470334, 0.44547921, 0.54316896,
       0.61668783, 0.13444506, 0.18309332, 0.08199205, 0.07645128,
       0.86804044, 0.07033941, 0.28277975]))","['DeepSeekQwen (32B)', 'GPM (8B)', 'EurusPRMStage2_avg_scores (7.62B)', 'LDLReward (27.2B)', 'EurusPRMStage2_max_scores (7.62B)', 'InternLM2 (7B)', 'Qwen72B_scores (72B)', 'QwenPRM_min_scores (7.63B)', 'SkyT1 (32B)', 'DeepSeekLlama (70B)', 'EurusPRMStage1_avg_scores (7.62B)', 'ArmorRM (8B)', 'Skyworks (8B)']","[0.9577753498271324, 0.9613266814393929, 0.9033755307358476, 0.7304174020432721, 0.5408328639703914, 0.9999843869817604, 0.8945107383893698, 0.5408328639703914, 0.9999843869817604, 0.9577753498271324, 0.9999461268717549, 0.9806590138617599, 0.4817375150720793, 0.9999843869817604, 0.9999843869817604, 0.8781042737472412, 0.9998777489050539, 0.9953151347636447, 0.34639398637901164, 0.9999843869817604, 0.9464828513667152, 0.7304174020432721, 0.9999843869817604, 0.9999461268717549, 0.9033755307358476, 0.9814344581821033, 0.9999461268717549, 0.9998410753153119, 0.9999461268717549, 0.9033755307358476, 0.9982744954525221, 0.9999843869817604, 0.9433474916914439, 0.9999843869817604, 0.4817375150720793, 0.9744036080304198, 0.9998777489050539, 0.9999843869817604, 0.9998777489050539, 0.9999461268717549, 0.9944765803522546, 0.9999843869817604, 0.9677855598265498, 0.9998777489050539, 0.9998410753153119, 0.9998410753153119, 0.9990186710455434, 0.9999843869817604, 0.9698252407870983, 0.9999461268717549]",1.0,32,test,,0.0,9
0.96,0,48,2,0,50,31,0,0,0,0,1,0,39,0,1,0,1,0,0,"(array([0.87740868, 0.87239605, 0.97465032, 0.56448263, 0.46675077,
       0.3927508 , 0.8755213 , 0.82691753, 0.92772895, 0.93343252,
       0.14007378, 0.93937248, 0.72757542]), array([0.68348449, 0.60890526, 0.52869952, 0.75775367, 0.79520017,
       0.81246841, 0.67886412, 0.74009508, 0.60304028, 0.61200708,
       0.82451689, 0.58427328, 0.76810724]), array([0.30811715, 0.38169393, 0.45942929, 0.23581545, 0.19802709,
       0.18048394, 0.31271192, 0.25295195, 0.38678426, 0.37784874,
       0.16859628, 0.40518168, 0.22517058]), array([0.1326232 , 0.13670406, 0.03470334, 0.44547921, 0.54316896,
       0.61668783, 0.13444506, 0.18309332, 0.08199205, 0.07645128,
       0.86804044, 0.07033941, 0.28277975]))","['DeepSeekQwen (32B)', 'GPM (8B)', 'EurusPRMStage2_avg_scores (7.62B)', 'LDLReward (27.2B)', 'EurusPRMStage2_max_scores (7.62B)', 'InternLM2 (7B)', 'Qwen72B_scores (72B)', 'QwenPRM_min_scores (7.63B)', 'SkyT1 (32B)', 'DeepSeekLlama (70B)', 'EurusPRMStage1_avg_scores (7.62B)', 'ArmorRM (8B)', 'Skyworks (8B)']","[0.002868399801260489, 0.1613143751637624, 0.0007059948875893685, 0.3271519161982828, 0.21201561964840587, 0.0007059948875893685, 0.5465066995511499, 0.013779046191774993, 0.002868399801260489, 4.0046446462143096e-05, 0.00028248654570926514, 0.00016303824606282613, 0.00016303824606282613, 0.01342284719191794, 0.00016303824606282613, 4.0046446462143096e-05, 0.053826324029610684, 4.0046446462143096e-05, 0.0714330641897168, 1.6017200591110544e-05, 0.001334648302650183, 0.0007706405927510325, 0.00016303824606282613, 0.001334648302650183, 0.1613143751637624, 0.002868399801260489, 0.052489971553909234, 4.0046446462143096e-05, 7.575077137418867e-05, 0.006723521112898123, 4.0046446462143096e-05, 0.8729954569139301, 4.0046446462143096e-05, 0.16643614092808381, 0.0007913602175107092, 0.1066750779184804, 0.002868399801260489, 0.0007706405927510325, 0.01342284719191794, 3.1044288486861034e-06, 4.0046446462143096e-05, 4.0046446462143096e-05, 0.01502275379421892, 4.0046446462143096e-05, 0.0031304297657159586, 0.01342284719191794, 0.01502275379421892, 0.00016303824606282613, 4.0046446462143096e-05, 4.0046446462143096e-05]",0.0,33,test,,0.0,0
0.98,48,1,0,1,50,1,1,1,1,0,0,0,1,1,1,1,0,0,0,"(array([0.87740868, 0.87239605, 0.97465032, 0.56448263, 0.46675077,
       0.3927508 , 0.8755213 , 0.82691753, 0.92772895, 0.93343252,
       0.14007378, 0.93937248, 0.72757542]), array([0.68348449, 0.60890526, 0.52869952, 0.75775367, 0.79520017,
       0.81246841, 0.67886412, 0.74009508, 0.60304028, 0.61200708,
       0.82451689, 0.58427328, 0.76810724]), array([0.30811715, 0.38169393, 0.45942929, 0.23581545, 0.19802709,
       0.18048394, 0.31271192, 0.25295195, 0.38678426, 0.37784874,
       0.16859628, 0.40518168, 0.22517058]), array([0.1326232 , 0.13670406, 0.03470334, 0.44547921, 0.54316896,
       0.61668783, 0.13444506, 0.18309332, 0.08199205, 0.07645128,
       0.86804044, 0.07033941, 0.28277975]))","['DeepSeekQwen (32B)', 'GPM (8B)', 'EurusPRMStage2_avg_scores (7.62B)', 'LDLReward (27.2B)', 'EurusPRMStage2_max_scores (7.62B)', 'InternLM2 (7B)', 'Qwen72B_scores (72B)', 'QwenPRM_min_scores (7.63B)', 'SkyT1 (32B)', 'DeepSeekLlama (70B)', 'EurusPRMStage1_avg_scores (7.62B)', 'ArmorRM (8B)', 'Skyworks (8B)']","[0.0007706405927510325, 0.9999843869817604, 0.9999461268717549, 0.999955239612699, 0.9997793224890124, 0.9978211456427138, 0.9999461268717549, 0.9978211456427138, 0.9811951099035985, 0.9992389289264434, 0.9998455641425869, 0.9998455641425869, 0.9811951099035985, 0.998646161741248, 0.9998455641425869, 0.9995445065373486, 0.9811951099035985, 0.9994518187324555, 0.9362810285613098, 0.0007913602175107092, 0.9984300002701988, 0.9984300002701988, 0.9782532905596398, 0.999955239612699, 0.9998455641425869, 0.9999461268717549, 0.8367422334838023, 0.9923057179758027, 0.9998455641425869, 0.9999461268717549, 0.999955239612699, 0.9998455641425869, 0.9978211456427138, 0.9998455641425869, 0.9998455641425869, 0.9984300002701988, 0.9998455641425869, 0.999955239612699, 0.9931169567913505, 0.9993675898742134, 0.9893537739129442, 0.9998455641425869, 0.9978211456427138, 0.998646161741248, 0.9978211456427138, 0.9863865245487257, 0.9998455641425869, 0.9998455641425869, 0.9998455641425869, 0.9999461268717549]",0.98,34,test,,0.0,9
0.84,37,5,0,8,50,14,1,1,1,0,0,0,31,0,1,0,1,0,0,"(array([0.87740868, 0.87239605, 0.97465032, 0.56448263, 0.46675077,
       0.3927508 , 0.8755213 , 0.82691753, 0.92772895, 0.93343252,
       0.14007378, 0.93937248, 0.72757542]), array([0.68348449, 0.60890526, 0.52869952, 0.75775367, 0.79520017,
       0.81246841, 0.67886412, 0.74009508, 0.60304028, 0.61200708,
       0.82451689, 0.58427328, 0.76810724]), array([0.30811715, 0.38169393, 0.45942929, 0.23581545, 0.19802709,
       0.18048394, 0.31271192, 0.25295195, 0.38678426, 0.37784874,
       0.16859628, 0.40518168, 0.22517058]), array([0.1326232 , 0.13670406, 0.03470334, 0.44547921, 0.54316896,
       0.61668783, 0.13444506, 0.18309332, 0.08199205, 0.07645128,
       0.86804044, 0.07033941, 0.28277975]))","['DeepSeekQwen (32B)', 'GPM (8B)', 'EurusPRMStage2_avg_scores (7.62B)', 'LDLReward (27.2B)', 'EurusPRMStage2_max_scores (7.62B)', 'InternLM2 (7B)', 'Qwen72B_scores (72B)', 'QwenPRM_min_scores (7.63B)', 'SkyT1 (32B)', 'DeepSeekLlama (70B)', 'EurusPRMStage1_avg_scores (7.62B)', 'ArmorRM (8B)', 'Skyworks (8B)']","[0.9994088528150931, 0.999288580647958, 0.9979631039646617, 0.23931215993326865, 0.9994088528150931, 0.9999461268717549, 0.96042291551712, 0.9999843869817604, 0.999288580647958, 0.9979631039646617, 0.0006644636331910919, 0.9994088528150931, 0.999949332220614, 0.9999843869817604, 0.9999961654619416, 0.006723521112898123, 0.999949332220614, 0.9963735483424947, 0.004713335165517346, 0.9979631039646617, 0.9994088528150931, 0.9896730735237164, 0.9698252407870983, 0.18289312647396788, 0.08184101507466963, 0.9896730735237164, 0.06346176677053617, 0.17015251774438447, 0.9218911343394394, 0.9979631039646617, 0.9896730735237164, 1.8497784664388402e-06, 0.999288580647958, 0.9999843869817604, 0.9994088528150931, 0.22371738393057222, 0.9998547519138168, 0.9969249994061022, 0.9745737766016835, 0.9698252407870983, 0.9994088528150931, 0.803518285775668, 0.22166931141769608, 0.9912344587858748, 0.01974300755406998, 0.9652448808486065, 0.22371738393057222, 0.9998547519138168, 0.9994844193129694, 0.9652448808486065]",0.9,35,test,,0.0,9
0.66,10,23,11,6,50,19,1,1,1,0,0,0,8,0,1,0,1,0,0,"(array([0.87740868, 0.87239605, 0.97465032, 0.56448263, 0.46675077,
       0.3927508 , 0.8755213 , 0.82691753, 0.92772895, 0.93343252,
       0.14007378, 0.93937248, 0.72757542]), array([0.68348449, 0.60890526, 0.52869952, 0.75775367, 0.79520017,
       0.81246841, 0.67886412, 0.74009508, 0.60304028, 0.61200708,
       0.82451689, 0.58427328, 0.76810724]), array([0.30811715, 0.38169393, 0.45942929, 0.23581545, 0.19802709,
       0.18048394, 0.31271192, 0.25295195, 0.38678426, 0.37784874,
       0.16859628, 0.40518168, 0.22517058]), array([0.1326232 , 0.13670406, 0.03470334, 0.44547921, 0.54316896,
       0.61668783, 0.13444506, 0.18309332, 0.08199205, 0.07645128,
       0.86804044, 0.07033941, 0.28277975]))","['DeepSeekQwen (32B)', 'GPM (8B)', 'EurusPRMStage2_avg_scores (7.62B)', 'LDLReward (27.2B)', 'EurusPRMStage2_max_scores (7.62B)', 'InternLM2 (7B)', 'Qwen72B_scores (72B)', 'QwenPRM_min_scores (7.63B)', 'SkyT1 (32B)', 'DeepSeekLlama (70B)', 'EurusPRMStage1_avg_scores (7.62B)', 'ArmorRM (8B)', 'Skyworks (8B)']","[0.4675003193941225, 0.893466420485762, 0.9279757263215684, 0.7028058901173737, 0.2720028571706209, 0.0024383121907084653, 9.715285687831931e-05, 0.9218911343394394, 5.0453379490020965e-06, 0.9393490584718357, 0.9983869645423903, 0.05847042467530058, 0.0714330641897168, 0.00030893457034982896, 0.006139968348405391, 0.0003083649063670051, 0.22771425874311707, 0.4507361874816397, 0.7918287542514574, 0.9999035210941672, 0.43919913480561684, 0.0007706405927510325, 0.32396131411800705, 0.00047168340792606004, 0.04250709901570002, 0.5586127116697436, 0.29231245110665305, 0.2720028571706209, 0.9393490584718357, 0.9926972332775079, 0.8851304792285554, 0.07321442694840649, 0.9994435966348699, 0.998646161741248, 0.9926972332775079, 0.9393490584718357, 0.024279607772862585, 0.03907828453065528, 0.43919913480561684, 0.8315711561386172, 0.0031304297657159586, 0.9139955751624449, 9.976673942979975e-05, 0.34639398637901164, 0.0714330641897168, 9.715285687831931e-05, 0.003214391141761736, 0.7229934698778187, 0.5368965354054008, 0.6456279027992542]",0.32,36,test,,0.0,3
0.98,48,1,1,0,50,11,1,1,1,0,0,0,11,1,1,1,0,0,0,"(array([0.87740868, 0.87239605, 0.97465032, 0.56448263, 0.46675077,
       0.3927508 , 0.8755213 , 0.82691753, 0.92772895, 0.93343252,
       0.14007378, 0.93937248, 0.72757542]), array([0.68348449, 0.60890526, 0.52869952, 0.75775367, 0.79520017,
       0.81246841, 0.67886412, 0.74009508, 0.60304028, 0.61200708,
       0.82451689, 0.58427328, 0.76810724]), array([0.30811715, 0.38169393, 0.45942929, 0.23581545, 0.19802709,
       0.18048394, 0.31271192, 0.25295195, 0.38678426, 0.37784874,
       0.16859628, 0.40518168, 0.22517058]), array([0.1326232 , 0.13670406, 0.03470334, 0.44547921, 0.54316896,
       0.61668783, 0.13444506, 0.18309332, 0.08199205, 0.07645128,
       0.86804044, 0.07033941, 0.28277975]))","['DeepSeekQwen (32B)', 'GPM (8B)', 'EurusPRMStage2_avg_scores (7.62B)', 'LDLReward (27.2B)', 'EurusPRMStage2_max_scores (7.62B)', 'InternLM2 (7B)', 'Qwen72B_scores (72B)', 'QwenPRM_min_scores (7.63B)', 'SkyT1 (32B)', 'DeepSeekLlama (70B)', 'EurusPRMStage1_avg_scores (7.62B)', 'ArmorRM (8B)', 'Skyworks (8B)']","[0.9999890066622493, 0.9999620667708081, 0.999498976840051, 0.9999620667708081, 0.9999890066622493, 0.9999843869817604, 0.9999890066622493, 0.9998880942302318, 0.9999620667708081, 0.13419759385261068, 0.9999620667708081, 0.9999961654619416, 0.9999867684441118, 0.9999620667708081, 0.9999890066622493, 0.9999890066622493, 0.9980295230127402, 0.9999961654619416, 0.9999961654619416, 0.9999890066622493, 0.9998880942302318, 0.9999620667708081, 0.9999620667708081, 0.9995445065373486, 0.9999609640726779, 0.9998455641425869, 0.9999620667708081, 0.9999620667708081, 0.999498976840051, 0.9949227151351246, 0.9998880942302318, 0.9998880942302318, 0.9999890066622493, 0.9979631039646617, 0.9999890066622493, 0.9972825576477046, 0.9999620667708081, 0.9999620667708081, 0.9999867684441118, 0.999498976840051, 0.999498976840051, 0.990798595878984, 0.9999620667708081, 0.9999620667708081, 0.9926972332775079, 0.9998547519138168, 0.9998455641425869, 0.9999961654619416, 0.9999620667708081, 0.9999620667708081]",0.96,37,test,,0.0,9
1.0,50,0,0,0,50,10,1,1,1,0,0,0,10,1,1,1,0,0,0,"(array([0.87740868, 0.87239605, 0.97465032, 0.56448263, 0.46675077,
       0.3927508 , 0.8755213 , 0.82691753, 0.92772895, 0.93343252,
       0.14007378, 0.93937248, 0.72757542]), array([0.68348449, 0.60890526, 0.52869952, 0.75775367, 0.79520017,
       0.81246841, 0.67886412, 0.74009508, 0.60304028, 0.61200708,
       0.82451689, 0.58427328, 0.76810724]), array([0.30811715, 0.38169393, 0.45942929, 0.23581545, 0.19802709,
       0.18048394, 0.31271192, 0.25295195, 0.38678426, 0.37784874,
       0.16859628, 0.40518168, 0.22517058]), array([0.1326232 , 0.13670406, 0.03470334, 0.44547921, 0.54316896,
       0.61668783, 0.13444506, 0.18309332, 0.08199205, 0.07645128,
       0.86804044, 0.07033941, 0.28277975]))","['DeepSeekQwen (32B)', 'GPM (8B)', 'EurusPRMStage2_avg_scores (7.62B)', 'LDLReward (27.2B)', 'EurusPRMStage2_max_scores (7.62B)', 'InternLM2 (7B)', 'Qwen72B_scores (72B)', 'QwenPRM_min_scores (7.63B)', 'SkyT1 (32B)', 'DeepSeekLlama (70B)', 'EurusPRMStage1_avg_scores (7.62B)', 'ArmorRM (8B)', 'Skyworks (8B)']","[0.9999620667708081, 0.9994640013145005, 0.9999620667708081, 0.9996139573064, 0.9992699973178308, 0.9994640013145005, 0.9996139573064, 0.9999620667708081, 0.9999620667708081, 0.9995782796013258, 0.9999890066622493, 0.9999620667708081, 0.9902744553634656, 0.9999620667708081, 0.9999620667708081, 0.9999890066622493, 0.9999890066622493, 0.9998880942302318, 0.9996139573064, 0.9999890066622493, 0.9996139573064, 0.9996139573064, 0.9999620667708081, 0.9999620667708081, 0.9999620667708081, 0.9999620667708081, 0.9999620667708081, 0.9999620667708081, 0.9999890066622493, 0.9999890066622493, 0.9998061003501832, 0.9998880942302318, 0.999498976840051, 0.9999620667708081, 0.9996139573064, 0.9999620667708081, 0.9996139573064, 0.9999620667708081, 0.9999620667708081, 0.9999620667708081, 0.9999620667708081, 0.9998061003501832, 0.9998880942302318, 0.9999620667708081, 0.9996139573064, 0.9999620667708081, 0.9999620667708081, 0.9997883356441476, 0.9996139573064, 0.9999890066622493]",1.0,38,test,,0.0,9
0.94,43,4,0,3,50,24,1,1,1,0,0,0,7,0,1,0,1,0,0,"(array([0.87740868, 0.87239605, 0.97465032, 0.56448263, 0.46675077,
       0.3927508 , 0.8755213 , 0.82691753, 0.92772895, 0.93343252,
       0.14007378, 0.93937248, 0.72757542]), array([0.68348449, 0.60890526, 0.52869952, 0.75775367, 0.79520017,
       0.81246841, 0.67886412, 0.74009508, 0.60304028, 0.61200708,
       0.82451689, 0.58427328, 0.76810724]), array([0.30811715, 0.38169393, 0.45942929, 0.23581545, 0.19802709,
       0.18048394, 0.31271192, 0.25295195, 0.38678426, 0.37784874,
       0.16859628, 0.40518168, 0.22517058]), array([0.1326232 , 0.13670406, 0.03470334, 0.44547921, 0.54316896,
       0.61668783, 0.13444506, 0.18309332, 0.08199205, 0.07645128,
       0.86804044, 0.07033941, 0.28277975]))","['DeepSeekQwen (32B)', 'GPM (8B)', 'EurusPRMStage2_avg_scores (7.62B)', 'LDLReward (27.2B)', 'EurusPRMStage2_max_scores (7.62B)', 'InternLM2 (7B)', 'Qwen72B_scores (72B)', 'QwenPRM_min_scores (7.63B)', 'SkyT1 (32B)', 'DeepSeekLlama (70B)', 'EurusPRMStage1_avg_scores (7.62B)', 'ArmorRM (8B)', 'Skyworks (8B)']","[0.9999461268717549, 0.9999461268717549, 0.9994518187324555, 0.9999461268717549, 0.9999843869817604, 0.9999461268717549, 0.9999461268717549, 5.0453379490020965e-06, 2.3862089913709e-05, 0.9994518187324555, 0.9999843869817604, 0.9999843869817604, 0.9999461268717549, 0.9992099628456731, 0.9994518187324555, 0.9999843869817604, 0.9994518187324555, 0.9999843869817604, 0.07734803978106851, 0.9994518187324555, 0.999865313241596, 0.9999461268717549, 0.9999843869817604, 0.9999461268717549, 0.9999867684441118, 0.9999461268717549, 0.00047168340792606004, 0.9999461268717549, 0.22166931141769608, 0.9999461268717549, 0.9999843869817604, 0.9999843869817604, 0.9999461268717549, 0.9994518187324555, 0.9999461268717549, 0.9994518187324555, 0.9999461268717549, 0.9999843869817604, 0.9999461268717549, 0.9990504673206418, 0.9994518187324555, 0.9999461268717549, 0.9999843869817604, 0.9994518187324555, 0.9999461268717549, 0.9999461268717549, 0.9999843869817604, 0.0027622410412737287, 5.0453379490020965e-06, 0.9994518187324555]",0.92,39,test,,0.0,9
0.8,6,34,0,10,50,0,1,1,1,0,0,0,2,0,1,0,1,0,0,"(array([0.87740868, 0.87239605, 0.97465032, 0.56448263, 0.46675077,
       0.3927508 , 0.8755213 , 0.82691753, 0.92772895, 0.93343252,
       0.14007378, 0.93937248, 0.72757542]), array([0.68348449, 0.60890526, 0.52869952, 0.75775367, 0.79520017,
       0.81246841, 0.67886412, 0.74009508, 0.60304028, 0.61200708,
       0.82451689, 0.58427328, 0.76810724]), array([0.30811715, 0.38169393, 0.45942929, 0.23581545, 0.19802709,
       0.18048394, 0.31271192, 0.25295195, 0.38678426, 0.37784874,
       0.16859628, 0.40518168, 0.22517058]), array([0.1326232 , 0.13670406, 0.03470334, 0.44547921, 0.54316896,
       0.61668783, 0.13444506, 0.18309332, 0.08199205, 0.07645128,
       0.86804044, 0.07033941, 0.28277975]))","['DeepSeekQwen (32B)', 'GPM (8B)', 'EurusPRMStage2_avg_scores (7.62B)', 'LDLReward (27.2B)', 'EurusPRMStage2_max_scores (7.62B)', 'InternLM2 (7B)', 'Qwen72B_scores (72B)', 'QwenPRM_min_scores (7.63B)', 'SkyT1 (32B)', 'DeepSeekLlama (70B)', 'EurusPRMStage1_avg_scores (7.62B)', 'ArmorRM (8B)', 'Skyworks (8B)']","[0.9999620667708081, 3.3742901139665854e-06, 9.778708861746167e-07, 7.575077137418867e-05, 0.0002716323474021411, 9.778708861746167e-07, 0.9998061003501832, 6.8995066100720705e-06, 3.3742901139665854e-06, 5.0453379490020965e-06, 5.0453379490020965e-06, 5.0453379490020965e-06, 8.742765233333162e-06, 7.873418420648108e-05, 0.9929633018025144, 7.531754951915769e-06, 4.275762854710668e-06, 1.3739054554352296e-05, 1.3739054554352296e-05, 0.0017570828651123206, 0.0805564979201188, 9.976673942979975e-05, 0.0013508465691994514, 1.8184476124878792e-05, 0.999498976840051, 0.08450593647348487, 0.00026451678749817486, 1.3739054554352296e-05, 0.00587983979437995, 0.00024231732273397562, 9.715285687831931e-05, 2.147201249091784e-06, 0.000443851675776769, 0.00030703503161986037, 0.00026451678749817486, 1.3739054554352296e-05, 3.9816138788994015e-06, 1.3495702387581872e-06, 1.3739054554352296e-05, 2.147201249091784e-06, 0.8755075223824133, 7.873418420648108e-05, 6.497719853602034e-05, 1.3739054554352296e-05, 1.3739054554352296e-05, 0.5368965354054008, 7.667131107832812e-05, 3.3742901139665854e-06, 0.0036260982022169696, 0.00026451678749817486]",0.32,40,test,,0.0,3
0.78,6,33,3,8,50,14,1,1,1,0,0,0,12,0,1,0,1,0,0,"(array([0.87740868, 0.87239605, 0.97465032, 0.56448263, 0.46675077,
       0.3927508 , 0.8755213 , 0.82691753, 0.92772895, 0.93343252,
       0.14007378, 0.93937248, 0.72757542]), array([0.68348449, 0.60890526, 0.52869952, 0.75775367, 0.79520017,
       0.81246841, 0.67886412, 0.74009508, 0.60304028, 0.61200708,
       0.82451689, 0.58427328, 0.76810724]), array([0.30811715, 0.38169393, 0.45942929, 0.23581545, 0.19802709,
       0.18048394, 0.31271192, 0.25295195, 0.38678426, 0.37784874,
       0.16859628, 0.40518168, 0.22517058]), array([0.1326232 , 0.13670406, 0.03470334, 0.44547921, 0.54316896,
       0.61668783, 0.13444506, 0.18309332, 0.08199205, 0.07645128,
       0.86804044, 0.07033941, 0.28277975]))","['DeepSeekQwen (32B)', 'GPM (8B)', 'EurusPRMStage2_avg_scores (7.62B)', 'LDLReward (27.2B)', 'EurusPRMStage2_max_scores (7.62B)', 'InternLM2 (7B)', 'Qwen72B_scores (72B)', 'QwenPRM_min_scores (7.63B)', 'SkyT1 (32B)', 'DeepSeekLlama (70B)', 'EurusPRMStage1_avg_scores (7.62B)', 'ArmorRM (8B)', 'Skyworks (8B)']","[0.0022999615448860114, 0.9926972332775079, 0.0007706405927510325, 0.0007913602175107092, 0.04250709901570002, 0.04250709901570002, 0.003214391141761736, 3.933805945835166e-06, 0.010785430343064069, 0.7384067122298626, 0.01854293351038751, 0.01342284719191794, 1.2171573719004132e-07, 0.1613143751637624, 0.9956196497932571, 0.0007706405927510325, 0.01854293351038751, 0.07939096095918789, 0.9206422774103666, 3.933805945835166e-06, 0.04250709901570002, 0.004341796299073587, 0.01342284719191794, 0.004458102483995731, 0.43919913480561684, 0.5586127116697436, 0.003214391141761736, 0.010785430343064069, 0.004341796299073587, 0.004168265247267615, 0.04250709901570002, 2.1859032036128692e-05, 0.4675003193941225, 0.04250709901570002, 0.9926972332775079, 0.0010698314657759337, 0.9393490584718357, 0.0005658428648465472, 0.07321442694840649, 0.0005658428648465472, 0.0010698314657759337, 0.002868399801260489, 0.01342284719191794, 0.9393490584718357, 0.009889001385971806, 0.1422375017713764, 0.43919913480561684, 1.6017200591110544e-05, 0.5302886247061736, 4.0046446462143096e-05]",0.28,41,test,,0.0,2
1.0,50,0,0,0,50,6,1,1,1,0,0,0,6,1,1,1,0,0,0,"(array([0.87740868, 0.87239605, 0.97465032, 0.56448263, 0.46675077,
       0.3927508 , 0.8755213 , 0.82691753, 0.92772895, 0.93343252,
       0.14007378, 0.93937248, 0.72757542]), array([0.68348449, 0.60890526, 0.52869952, 0.75775367, 0.79520017,
       0.81246841, 0.67886412, 0.74009508, 0.60304028, 0.61200708,
       0.82451689, 0.58427328, 0.76810724]), array([0.30811715, 0.38169393, 0.45942929, 0.23581545, 0.19802709,
       0.18048394, 0.31271192, 0.25295195, 0.38678426, 0.37784874,
       0.16859628, 0.40518168, 0.22517058]), array([0.1326232 , 0.13670406, 0.03470334, 0.44547921, 0.54316896,
       0.61668783, 0.13444506, 0.18309332, 0.08199205, 0.07645128,
       0.86804044, 0.07033941, 0.28277975]))","['DeepSeekQwen (32B)', 'GPM (8B)', 'EurusPRMStage2_avg_scores (7.62B)', 'LDLReward (27.2B)', 'EurusPRMStage2_max_scores (7.62B)', 'InternLM2 (7B)', 'Qwen72B_scores (72B)', 'QwenPRM_min_scores (7.63B)', 'SkyT1 (32B)', 'DeepSeekLlama (70B)', 'EurusPRMStage1_avg_scores (7.62B)', 'ArmorRM (8B)', 'Skyworks (8B)']","[0.9997793224890124, 0.9999843869817604, 0.999955239612699, 0.9980295230127402, 0.9995445065373486, 0.9999609640726779, 0.9999961654619416, 0.9999461268717549, 0.9998777489050539, 0.9999843869817604, 0.999955239612699, 0.999955239612699, 0.9999961654619416, 0.9999461268717549, 0.9999961654619416, 0.9999609640726779, 0.9999961654619416, 0.9999867684441118, 0.999955239612699, 0.9999961654619416, 0.9999890066622493, 0.999955239612699, 0.9998455641425869, 0.9976509633204079, 0.9999843869817604, 0.9990504673206418, 0.9999609640726779, 0.9976509633204079, 0.9999843869817604, 0.999865313241596, 0.9999961654619416, 0.9997709188702348, 0.999865313241596, 0.9999890066622493, 0.9998129767025212, 0.7634435116497161, 0.9999461268717549, 0.9999961654619416, 0.9999961654619416, 0.9999843869817604, 0.9999890066622493, 0.9995445065373486, 0.999955239612699, 0.9997793224890124, 0.9997246399442338, 0.9997246399442338, 0.9999961654619416, 0.9999609640726779, 0.9995445065373486, 0.9998547519138168]",1.0,42,test,,0.0,9
1.0,50,0,0,0,50,0,1,1,1,0,0,0,0,1,1,1,0,0,0,"(array([0.87740868, 0.87239605, 0.97465032, 0.56448263, 0.46675077,
       0.3927508 , 0.8755213 , 0.82691753, 0.92772895, 0.93343252,
       0.14007378, 0.93937248, 0.72757542]), array([0.68348449, 0.60890526, 0.52869952, 0.75775367, 0.79520017,
       0.81246841, 0.67886412, 0.74009508, 0.60304028, 0.61200708,
       0.82451689, 0.58427328, 0.76810724]), array([0.30811715, 0.38169393, 0.45942929, 0.23581545, 0.19802709,
       0.18048394, 0.31271192, 0.25295195, 0.38678426, 0.37784874,
       0.16859628, 0.40518168, 0.22517058]), array([0.1326232 , 0.13670406, 0.03470334, 0.44547921, 0.54316896,
       0.61668783, 0.13444506, 0.18309332, 0.08199205, 0.07645128,
       0.86804044, 0.07033941, 0.28277975]))","['DeepSeekQwen (32B)', 'GPM (8B)', 'EurusPRMStage2_avg_scores (7.62B)', 'LDLReward (27.2B)', 'EurusPRMStage2_max_scores (7.62B)', 'InternLM2 (7B)', 'Qwen72B_scores (72B)', 'QwenPRM_min_scores (7.63B)', 'SkyT1 (32B)', 'DeepSeekLlama (70B)', 'EurusPRMStage1_avg_scores (7.62B)', 'ArmorRM (8B)', 'Skyworks (8B)']","[0.9999961654619416, 0.9999961654619416, 0.9999961654619416, 0.9999867684441118, 0.9999961654619416, 0.9999961654619416, 0.9999961654619416, 0.9999961654619416, 0.9999620667708081, 0.9999961654619416, 0.9999609640726779, 0.9999961654619416, 0.9893537739129442, 0.999865313241596, 0.9999843869817604, 0.9940709452999342, 0.9999867684441118, 0.9999961654619416, 0.9998129767025212, 0.9999961654619416, 0.9998410753153119, 0.9999867684441118, 0.9999961654619416, 0.9998410753153119, 0.9995024134521148, 0.9999961654619416, 0.9999961654619416, 0.9999961654619416, 0.9999609640726779, 0.9999961654619416, 0.9999961654619416, 0.9999867684441118, 0.9999867684441118, 0.9999609640726779, 0.9999867684441118, 0.9999961654619416, 0.9999609640726779, 0.9999461268717549, 0.9999961654619416, 0.9999609640726779, 0.9999843869817604, 0.9999609640726779, 0.9999867684441118, 0.9677855598265498, 0.9999961654619416, 0.9999961654619416, 0.9994484281134468, 0.9999961654619416, 0.9998410753153119, 0.9963143847370125]",1.0,43,test,,0.0,9
1.0,50,0,0,0,50,1,1,1,1,0,0,0,1,1,1,1,0,0,0,"(array([0.87740868, 0.87239605, 0.97465032, 0.56448263, 0.46675077,
       0.3927508 , 0.8755213 , 0.82691753, 0.92772895, 0.93343252,
       0.14007378, 0.93937248, 0.72757542]), array([0.68348449, 0.60890526, 0.52869952, 0.75775367, 0.79520017,
       0.81246841, 0.67886412, 0.74009508, 0.60304028, 0.61200708,
       0.82451689, 0.58427328, 0.76810724]), array([0.30811715, 0.38169393, 0.45942929, 0.23581545, 0.19802709,
       0.18048394, 0.31271192, 0.25295195, 0.38678426, 0.37784874,
       0.16859628, 0.40518168, 0.22517058]), array([0.1326232 , 0.13670406, 0.03470334, 0.44547921, 0.54316896,
       0.61668783, 0.13444506, 0.18309332, 0.08199205, 0.07645128,
       0.86804044, 0.07033941, 0.28277975]))","['DeepSeekQwen (32B)', 'GPM (8B)', 'EurusPRMStage2_avg_scores (7.62B)', 'LDLReward (27.2B)', 'EurusPRMStage2_max_scores (7.62B)', 'InternLM2 (7B)', 'Qwen72B_scores (72B)', 'QwenPRM_min_scores (7.63B)', 'SkyT1 (32B)', 'DeepSeekLlama (70B)', 'EurusPRMStage1_avg_scores (7.62B)', 'ArmorRM (8B)', 'Skyworks (8B)']","[0.9999867684441118, 0.9999961654619416, 0.9998410753153119, 0.9999461268717549, 0.9999461268717549, 0.8855301428194585, 0.9999961654619416, 0.999865313241596, 0.9992389289264434, 0.9999461268717549, 0.9999890066622493, 0.9999961654619416, 0.9999461268717549, 0.9999961654619416, 0.9994518187324555, 0.9999961654619416, 0.999865313241596, 0.9999867684441118, 0.9999961654619416, 0.9999461268717549, 0.9999609640726779, 0.999865313241596, 0.999865313241596, 0.9999867684441118, 0.9999867684441118, 0.9968912206586555, 0.9999867684441118, 0.9999867684441118, 0.9999843869817604, 0.9999867684441118, 0.9999867684441118, 0.9994518187324555, 0.9999867684441118, 0.9999609640726779, 0.9999961654619416, 0.9999867684441118, 0.9992389289264434, 0.9999867684441118, 0.9999961654619416, 0.999865313241596, 0.9992389289264434, 0.9999961654619416, 0.9999867684441118, 0.9999867684441118, 0.9999867684441118, 0.999865313241596, 0.9999961654619416, 0.9999867684441118, 0.9999867684441118, 0.9999867684441118]",1.0,44,test,,0.0,9
1.0,50,0,0,0,50,9,1,1,1,0,0,0,9,1,1,1,0,0,0,"(array([0.87740868, 0.87239605, 0.97465032, 0.56448263, 0.46675077,
       0.3927508 , 0.8755213 , 0.82691753, 0.92772895, 0.93343252,
       0.14007378, 0.93937248, 0.72757542]), array([0.68348449, 0.60890526, 0.52869952, 0.75775367, 0.79520017,
       0.81246841, 0.67886412, 0.74009508, 0.60304028, 0.61200708,
       0.82451689, 0.58427328, 0.76810724]), array([0.30811715, 0.38169393, 0.45942929, 0.23581545, 0.19802709,
       0.18048394, 0.31271192, 0.25295195, 0.38678426, 0.37784874,
       0.16859628, 0.40518168, 0.22517058]), array([0.1326232 , 0.13670406, 0.03470334, 0.44547921, 0.54316896,
       0.61668783, 0.13444506, 0.18309332, 0.08199205, 0.07645128,
       0.86804044, 0.07033941, 0.28277975]))","['DeepSeekQwen (32B)', 'GPM (8B)', 'EurusPRMStage2_avg_scores (7.62B)', 'LDLReward (27.2B)', 'EurusPRMStage2_max_scores (7.62B)', 'InternLM2 (7B)', 'Qwen72B_scores (72B)', 'QwenPRM_min_scores (7.63B)', 'SkyT1 (32B)', 'DeepSeekLlama (70B)', 'EurusPRMStage1_avg_scores (7.62B)', 'ArmorRM (8B)', 'Skyworks (8B)']","[0.9999461268717549, 0.9998455641425869, 0.9995273602925665, 0.9188343659923403, 0.9998410753153119, 0.9994518187324555, 0.9995273602925665, 0.9992389289264434, 0.9999461268717549, 0.9999843869817604, 0.9995273602925665, 0.999955239612699, 0.9999461268717549, 0.9999461268717549, 0.9984300002701988, 0.9984300002701988, 0.998646161741248, 0.9995273602925665, 0.9999461268717549, 0.9992389289264434, 0.9998455641425869, 0.9998455641425869, 0.9995273602925665, 0.9999461268717549, 0.9937903169002493, 0.9997793224890124, 0.999955239612699, 0.9995273602925665, 0.9994518187324555, 0.9990504673206418, 0.9994518187324555, 0.9999461268717549, 0.9998410753153119, 0.9995273602925665, 0.9999461268717549, 0.9917271600495098, 0.9999461268717549, 0.9995273602925665, 0.9999461268717549, 0.9998455641425869, 0.9999461268717549, 0.9994518187324555, 0.9999843869817604, 0.9995273602925665, 0.9999461268717549, 0.9999461268717549, 0.9999461268717549, 0.9920250212439152, 0.9999843869817604, 0.9999843869817604]",1.0,45,test,,0.0,9
0.88,44,0,0,6,50,38,1,1,1,0,0,0,38,1,1,1,0,0,0,"(array([0.87740868, 0.87239605, 0.97465032, 0.56448263, 0.46675077,
       0.3927508 , 0.8755213 , 0.82691753, 0.92772895, 0.93343252,
       0.14007378, 0.93937248, 0.72757542]), array([0.68348449, 0.60890526, 0.52869952, 0.75775367, 0.79520017,
       0.81246841, 0.67886412, 0.74009508, 0.60304028, 0.61200708,
       0.82451689, 0.58427328, 0.76810724]), array([0.30811715, 0.38169393, 0.45942929, 0.23581545, 0.19802709,
       0.18048394, 0.31271192, 0.25295195, 0.38678426, 0.37784874,
       0.16859628, 0.40518168, 0.22517058]), array([0.1326232 , 0.13670406, 0.03470334, 0.44547921, 0.54316896,
       0.61668783, 0.13444506, 0.18309332, 0.08199205, 0.07645128,
       0.86804044, 0.07033941, 0.28277975]))","['DeepSeekQwen (32B)', 'GPM (8B)', 'EurusPRMStage2_avg_scores (7.62B)', 'LDLReward (27.2B)', 'EurusPRMStage2_max_scores (7.62B)', 'InternLM2 (7B)', 'Qwen72B_scores (72B)', 'QwenPRM_min_scores (7.63B)', 'SkyT1 (32B)', 'DeepSeekLlama (70B)', 'EurusPRMStage1_avg_scores (7.62B)', 'ArmorRM (8B)', 'Skyworks (8B)']","[0.9999620667708081, 0.9999867684441118, 0.9996139573064, 0.9999843869817604, 0.970431349992372, 0.828343629753362, 0.9987568247649999, 0.8679603841494191, 0.9999867684441118, 0.7920216897926445, 0.9998455641425869, 0.9999620667708081, 0.9693518934961379, 0.9999867684441118, 0.9999620667708081, 0.7920216897926445, 0.9999867684441118, 0.9414441595908696, 0.9976292842547675, 0.9999867684441118, 0.9865477856692857, 0.9998251845178914, 0.25447824198684466, 0.3322016752159912, 0.9999461268717549, 0.9999867684441118, 0.9994518187324555, 0.9999867684441118, 0.999865313241596, 0.9999867684441118, 0.9999461268717549, 0.7634435116497161, 0.9999867684441118, 0.9999867684441118, 0.9999867684441118, 0.9998455641425869, 0.004627124631613346, 0.9997666315205606, 0.9999890066622493, 0.999865313241596, 0.9999620667708081, 0.9999461268717549, 0.2674978777365912, 0.999865313241596, 0.9999461268717549, 0.14428490385156018, 0.9999867684441118, 0.999865313241596, 0.9986377947523304, 0.3322016752159912]",1.0,46,test,,0.0,9
0.98,49,0,0,1,50,1,1,1,1,0,0,0,1,1,1,1,0,0,0,"(array([0.87740868, 0.87239605, 0.97465032, 0.56448263, 0.46675077,
       0.3927508 , 0.8755213 , 0.82691753, 0.92772895, 0.93343252,
       0.14007378, 0.93937248, 0.72757542]), array([0.68348449, 0.60890526, 0.52869952, 0.75775367, 0.79520017,
       0.81246841, 0.67886412, 0.74009508, 0.60304028, 0.61200708,
       0.82451689, 0.58427328, 0.76810724]), array([0.30811715, 0.38169393, 0.45942929, 0.23581545, 0.19802709,
       0.18048394, 0.31271192, 0.25295195, 0.38678426, 0.37784874,
       0.16859628, 0.40518168, 0.22517058]), array([0.1326232 , 0.13670406, 0.03470334, 0.44547921, 0.54316896,
       0.61668783, 0.13444506, 0.18309332, 0.08199205, 0.07645128,
       0.86804044, 0.07033941, 0.28277975]))","['DeepSeekQwen (32B)', 'GPM (8B)', 'EurusPRMStage2_avg_scores (7.62B)', 'LDLReward (27.2B)', 'EurusPRMStage2_max_scores (7.62B)', 'InternLM2 (7B)', 'Qwen72B_scores (72B)', 'QwenPRM_min_scores (7.63B)', 'SkyT1 (32B)', 'DeepSeekLlama (70B)', 'EurusPRMStage1_avg_scores (7.62B)', 'ArmorRM (8B)', 'Skyworks (8B)']","[0.998646161741248, 0.9999843869817604, 0.9972825576477046, 0.9905038780744063, 0.9995273602925665, 0.9999843869817604, 0.803518285775668, 0.9924909486438375, 0.9999461268717549, 0.9999461268717549, 0.999862983123058, 0.7789109061724789, 0.999862983123058, 0.9874616241978613, 0.9999461268717549, 0.9994518187324555, 0.9924909486438375, 0.999862983123058, 0.07734803978106851, 0.9999461268717549, 0.9999461268717549, 0.9999461268717549, 0.9841649107825219, 0.9905038780744063, 0.9994518187324555, 0.9986068597002401, 0.9924909486438375, 0.9999461268717549, 0.9999843869817604, 0.9841649107825219, 0.9931082852776715, 0.999607280367962, 0.9999461268717549, 0.9994518187324555, 0.9999461268717549, 0.9984300002701988, 0.999607280367962, 0.9986068597002401, 0.999955239612699, 0.9999843869817604, 0.9999461268717549, 0.9952091056328506, 0.9995024134521148, 0.9999461268717549, 0.9999461268717549, 0.9874616241978613, 0.9999461268717549, 0.9998410753153119, 0.9994518187324555, 0.803518285775668]",1.0,47,test,,0.0,9
0.26,0,13,37,0,50,38,0,0,0,0,1,0,38,1,0,0,0,1,0,"(array([0.87740868, 0.87239605, 0.97465032, 0.56448263, 0.46675077,
       0.3927508 , 0.8755213 , 0.82691753, 0.92772895, 0.93343252,
       0.14007378, 0.93937248, 0.72757542]), array([0.68348449, 0.60890526, 0.52869952, 0.75775367, 0.79520017,
       0.81246841, 0.67886412, 0.74009508, 0.60304028, 0.61200708,
       0.82451689, 0.58427328, 0.76810724]), array([0.30811715, 0.38169393, 0.45942929, 0.23581545, 0.19802709,
       0.18048394, 0.31271192, 0.25295195, 0.38678426, 0.37784874,
       0.16859628, 0.40518168, 0.22517058]), array([0.1326232 , 0.13670406, 0.03470334, 0.44547921, 0.54316896,
       0.61668783, 0.13444506, 0.18309332, 0.08199205, 0.07645128,
       0.86804044, 0.07033941, 0.28277975]))","['DeepSeekQwen (32B)', 'GPM (8B)', 'EurusPRMStage2_avg_scores (7.62B)', 'LDLReward (27.2B)', 'EurusPRMStage2_max_scores (7.62B)', 'InternLM2 (7B)', 'Qwen72B_scores (72B)', 'QwenPRM_min_scores (7.63B)', 'SkyT1 (32B)', 'DeepSeekLlama (70B)', 'EurusPRMStage1_avg_scores (7.62B)', 'ArmorRM (8B)', 'Skyworks (8B)']","[0.03065306289180922, 0.9992389289264434, 0.9889458953587638, 0.24947376125250803, 0.30765703576376596, 0.7540112572287915, 0.7176444628374997, 0.8793251328464812, 0.34012267361250537, 0.34012267361250537, 0.818968246220157, 0.9106597605315397, 0.20582472543107996, 0.9889458953587638, 0.7402056919754795, 0.9931082852776715, 0.818968246220157, 0.9570955497841088, 0.9889458953587638, 0.7900659939588961, 0.9851611648363767, 0.25447824198684466, 0.9933594777426653, 0.048189892158805134, 0.9977383413924947, 0.9979929591128321, 0.9851611648363767, 0.9969547194452858, 0.818968246220157, 0.9689492774998564, 0.9989356859964639, 0.7804806794751873, 0.7251572551210063, 0.9106597605315397, 0.9977383413924947, 0.36620856816668834, 0.022730526619439518, 0.20602905520821058, 0.9995273602925665, 0.9689492774998564, 0.9889458953587638, 0.9907353327441963, 0.9992389289264434, 0.9586046384017908, 0.8383856976765589, 0.9106597605315397, 0.010690231591520178, 0.9570955497841088, 0.15238772576411097, 0.9851611648363767]",0.0,48,test,,0.0,0
